1 2 
1 21 3 2 
1 21 20 22 3 2 
1 21 20 28 23 22 3 2 
1 21 20 22 23 4 3 2 
1 21 3 
1 21 20 22 3 
1 2 3 
1 21 20 28 23 22 3 
1 21 20 22 23 4 3 
1 21 3 4 
1 21 20 22 3 4 
1 2 3 4 
1 21 20 22 23 4 
1 21 3 22 23 4 
1 21 3 4 5 
1 21 20 22 3 4 5 
1 2 3 4 5 
1 21 20 22 23 24 5 
1 21 20 22 23 4 5 
1 21 3 4 5 6 
1 21 20 22 3 4 5 6 
1 2 3 4 5 6 
1 21 20 22 23 24 5 6 
1 21 20 22 23 4 5 6 
1 21 3 4 5 6 7 
1 21 20 22 3 4 5 6 7 
1 2 3 4 5 6 7 
1 21 20 22 23 24 5 6 7 
1 21 20 22 23 4 5 6 7 
1 21 3 4 5 6 7 8 
1 21 20 22 3 4 5 6 7 8 
1 2 3 4 5 6 7 8 
1 21 3 4 5 9 8 
1 21 20 22 23 24 5 6 7 8 
1 21 3 4 5 9 
1 21 20 22 3 4 5 9 
1 2 3 4 5 9 
1 21 20 22 23 24 5 9 
1 21 20 22 23 4 5 9 
1 21 20 22 23 24 14 13 12 11 10 
1 21 20 28 15 14 13 12 11 10 
1 21 3 22 23 24 14 13 12 11 10 
1 21 3 4 5 26 10 
1 21 3 4 5 9 10 
1 21 20 22 23 24 14 13 12 11 
1 21 20 28 15 14 13 12 11 
1 21 3 22 23 24 14 13 12 11 
1 2 3 22 23 24 14 13 12 11 
1 21 20 22 23 24 25 27 13 12 11 
1 21 20 22 23 24 14 13 12 
1 21 20 28 15 14 13 12 
1 21 3 22 23 24 14 13 12 
1 2 3 22 23 24 14 13 12 
1 21 20 22 23 24 25 27 13 12 
1 21 20 22 23 24 14 13 
1 21 20 28 15 14 13 
1 21 3 22 23 24 14 13 
1 2 3 22 23 24 14 13 
1 21 20 22 23 24 25 27 13 
1 21 20 22 23 24 14 
1 21 20 28 15 14 
1 21 3 22 23 24 14 
1 2 3 22 23 24 14 
1 21 3 4 5 24 14 
1 21 20 28 15 
1 21 20 16 15 
1 21 3 22 20 28 15 
1 2 3 22 20 28 15 
1 21 20 22 23 28 15 
1 21 20 16 
1 21 20 28 15 16 
1 21 20 19 18 17 16 
1 21 3 22 20 16 
1 21 3 22 20 28 15 16 
1 21 20 16 17 
1 21 20 28 15 16 17 
1 21 20 19 18 17 
1 21 3 22 20 16 17 
1 21 3 22 20 28 15 16 17 
1 21 20 16 17 18 
1 21 20 19 18 
1 21 20 28 15 16 17 18 
1 21 3 22 20 16 17 18 
1 21 3 22 20 19 18 
1 21 20 19 
1 21 3 22 20 19 
1 21 20 16 17 18 19 
1 2 3 22 20 19 
1 21 20 28 15 16 17 18 19 
1 21 20 
1 21 3 22 20 
1 2 3 22 20 
1 2 3 21 20 
1 21 3 22 23 28 20 
2 1 
2 3 21 1 
2 3 22 20 21 1 
2 3 22 23 28 20 21 1 
2 3 4 23 22 20 21 1 
2 3 
2 1 21 3 
2 1 21 20 22 3 
2 1 21 20 28 23 22 3 
2 1 21 20 22 23 4 3 
2 3 4 
2 3 22 23 4 
2 3 22 23 24 5 4 
2 1 21 3 4 
2 1 21 20 22 3 4 
2 3 4 5 
2 3 22 23 24 5 
2 3 22 23 4 5 
2 1 21 3 4 5 
2 3 4 23 24 5 
2 3 4 5 6 
2 3 22 23 24 5 6 
2 3 22 23 4 5 6 
2 1 21 3 4 5 6 
2 3 4 23 24 5 6 
2 3 4 5 6 7 
2 3 22 23 24 5 6 7 
2 3 22 23 4 5 6 7 
2 1 21 3 4 5 6 7 
2 3 4 5 9 8 7 
2 3 4 5 6 7 8 
2 3 4 5 9 8 
2 3 22 23 24 5 6 7 8 
2 3 22 23 4 5 6 7 8 
2 3 22 23 24 5 9 8 
2 3 4 5 9 
2 3 22 23 24 5 9 
2 3 22 23 4 5 9 
2 1 21 3 4 5 9 
2 3 4 23 24 5 9 
2 3 22 23 24 14 13 12 11 10 
2 3 4 5 26 10 
2 3 4 5 9 10 
2 3 4 5 24 14 13 12 11 10 
2 3 22 23 24 25 27 13 12 11 10 
2 3 22 23 24 14 13 12 11 
2 3 4 5 24 14 13 12 11 
2 3 22 23 24 25 27 13 12 11 
2 3 22 23 24 14 13 27 11 
2 3 22 20 28 15 14 13 12 11 
2 3 22 23 24 14 13 12 
2 3 4 5 24 14 13 12 
2 3 22 23 24 25 27 13 12 
2 3 22 20 28 15 14 13 12 
2 3 4 23 24 14 13 12 
2 3 22 23 24 14 13 
2 3 4 5 24 14 13 
2 3 22 23 24 25 27 13 
2 3 22 20 28 15 14 13 
2 3 4 23 24 14 13 
2 3 22 23 24 14 
2 3 4 5 24 14 
2 3 22 20 28 15 14 
2 3 4 23 24 14 
2 3 22 23 24 25 27 13 14 
2 3 22 20 28 15 
2 3 22 23 28 15 
2 1 21 20 28 15 
2 3 22 20 16 15 
2 3 22 23 24 14 15 
2 3 22 20 16 
2 3 22 20 28 15 16 
2 1 21 20 16 
2 3 22 20 19 18 17 16 
2 3 22 23 28 15 16 
2 3 22 20 16 17 
2 3 22 20 28 15 16 17 
2 3 22 20 19 18 17 
2 1 21 20 16 17 
2 3 22 23 28 15 16 17 
2 3 22 20 16 17 18 
2 3 22 20 19 18 
2 3 22 20 28 15 16 17 18 
2 1 21 20 16 17 18 
2 1 21 20 19 18 
2 3 22 20 19 
2 1 21 20 19 
2 3 22 20 16 17 18 19 
2 3 21 20 19 
2 3 22 20 28 15 16 17 18 19 
2 3 22 20 
2 1 21 20 
2 3 21 20 
2 1 21 3 22 20 
2 3 22 23 28 20 
3 21 1 
3 22 20 21 1 
3 2 1 
3 22 23 28 20 21 1 
3 4 23 22 20 21 1 
3 2 
3 21 1 2 
3 22 20 21 1 2 
3 22 23 28 20 21 1 2 
3 4 23 22 20 21 1 2 
3 4 
3 22 23 4 
3 22 23 24 5 4 
3 22 20 28 23 4 
3 22 20 28 15 14 24 5 4 
3 4 5 
3 22 23 24 5 
3 22 23 4 5 
3 4 23 24 5 
3 22 20 28 15 14 24 5 
3 4 5 6 
3 22 23 24 5 6 
3 22 23 4 5 6 
3 4 23 24 5 6 
3 22 20 28 15 14 24 5 6 
3 4 5 6 7 
3 22 23 24 5 6 7 
3 22 23 4 5 6 7 
3 4 5 9 8 7 
3 4 23 24 5 6 7 
3 4 5 6 7 8 
3 4 5 9 8 
3 22 23 24 5 6 7 8 
3 22 23 4 5 6 7 8 
3 22 23 24 5 9 8 
3 4 5 9 
3 22 23 24 5 9 
3 22 23 4 5 9 
3 4 23 24 5 9 
3 4 5 6 7 8 9 
3 22 23 24 14 13 12 11 10 
3 4 5 26 10 
3 4 5 9 10 
3 4 5 24 14 13 12 11 10 
3 22 23 24 25 27 13 12 11 10 
3 22 23 24 14 13 12 11 
3 4 5 24 14 13 12 11 
3 22 23 24 25 27 13 12 11 
3 22 23 24 14 13 27 11 
3 22 20 28 15 14 13 12 11 
3 22 23 24 14 13 12 
3 4 5 24 14 13 12 
3 22 23 24 25 27 13 12 
3 22 20 28 15 14 13 12 
3 4 23 24 14 13 12 
3 22 23 24 14 13 
3 4 5 24 14 13 
3 22 23 24 25 27 13 
3 22 20 28 15 14 13 
3 4 23 24 14 13 
3 22 23 24 14 
3 4 5 24 14 
3 22 20 28 15 14 
3 4 23 24 14 
3 22 23 24 25 27 13 14 
3 22 20 28 15 
3 22 23 28 15 
3 22 20 16 15 
3 22 23 24 14 15 
3 21 20 28 15 
3 22 20 16 
3 22 20 28 15 16 
3 22 20 19 18 17 16 
3 22 23 28 15 16 
3 21 20 16 
3 22 20 16 17 
3 22 20 28 15 16 17 
3 22 20 19 18 17 
3 22 23 28 15 16 17 
3 21 20 16 17 
3 22 20 16 17 18 
3 22 20 19 18 
3 22 20 28 15 16 17 18 
3 22 23 28 15 16 17 18 
3 21 20 16 17 18 
3 22 20 19 
3 22 20 16 17 18 19 
3 21 20 19 
3 22 20 28 15 16 17 18 19 
3 22 23 28 15 16 17 18 19 
3 22 20 
3 21 20 
3 22 23 28 20 
3 4 23 22 20 
3 2 1 21 20 
4 3 21 1 
4 3 22 20 21 1 
4 3 2 1 
4 23 22 20 21 1 
4 23 22 3 21 1 
4 3 2 
4 23 22 3 2 
4 5 24 23 22 3 2 
4 3 21 1 2 
4 3 22 20 21 1 2 
4 3 
4 23 22 3 
4 5 24 23 22 3 
4 23 28 20 22 3 
4 5 24 14 15 28 20 22 3 
4 5 
4 23 24 5 
4 3 22 23 24 5 
4 23 24 25 26 5 
4 23 28 15 14 24 5 
4 5 6 
4 23 24 5 6 
4 5 9 8 7 6 
4 3 22 23 24 5 6 
4 23 24 25 26 5 6 
4 5 6 7 
4 5 9 8 7 
4 23 24 5 6 7 
4 3 22 23 24 5 6 7 
4 23 24 25 26 5 6 7 
4 5 6 7 8 
4 5 9 8 
4 23 24 5 6 7 8 
4 23 24 5 9 8 
4 5 26 10 9 8 
4 5 9 
4 23 24 5 9 
4 5 6 7 8 9 
4 5 26 10 9 
4 5 24 14 13 12 11 10 9 
4 5 26 10 
4 5 9 10 
4 5 24 14 13 12 11 10 
4 23 24 14 13 12 11 10 
4 5 24 25 27 13 12 11 10 
4 5 24 14 13 12 11 
4 23 24 14 13 12 11 
4 5 24 25 27 13 12 11 
4 5 24 14 13 27 11 
4 5 24 25 27 11 
4 5 24 14 13 12 
4 23 24 14 13 12 
4 5 24 25 27 13 12 
4 5 24 14 13 27 11 12 
4 23 24 25 27 13 12 
4 5 24 14 13 
4 23 24 14 13 
4 5 24 25 27 13 
4 23 24 25 27 13 
4 5 24 25 27 11 12 13 
4 5 24 14 
4 23 24 14 
4 5 24 25 27 13 14 
4 3 22 23 24 14 
4 5 26 25 24 14 
4 5 24 14 15 
4 23 28 15 
4 3 22 20 28 15 
4 23 24 14 15 
4 23 22 20 28 15 
4 5 24 14 15 16 
4 23 28 15 16 
4 3 22 20 16 
4 3 22 20 28 15 16 
4 23 22 20 16 
4 5 24 14 15 16 17 
4 23 28 15 16 17 
4 3 22 20 16 17 
4 3 22 20 28 15 16 17 
4 23 22 20 16 17 
4 5 24 14 15 16 17 18 
4 23 28 15 16 17 18 
4 3 22 20 16 17 18 
4 3 22 20 19 18 
4 3 22 20 28 15 16 17 18 
4 3 22 20 19 
4 23 22 20 19 
4 5 24 23 22 20 19 
4 5 24 14 15 16 17 18 19 
4 23 28 15 16 17 18 19 
4 3 22 20 
4 23 22 20 
4 5 24 23 22 20 
4 3 21 20 
4 23 28 20 
5 4 3 21 1 
5 4 3 22 20 21 1 
5 4 3 2 1 
5 24 23 22 20 21 1 
5 4 23 22 20 21 1 
5 4 3 2 
5 24 23 22 3 2 
5 4 23 22 3 2 
5 4 3 21 1 2 
5 24 23 4 3 2 
5 4 3 
5 24 23 22 3 
5 4 23 22 3 
5 24 23 4 3 
5 24 14 15 28 20 22 3 
5 4 
5 24 23 4 
5 24 23 22 3 4 
5 26 25 24 23 4 
5 24 14 15 28 23 4 
5 6 
5 9 8 7 6 
5 26 10 9 8 7 6 
5 24 14 13 12 11 10 9 8 7 6 
5 24 25 27 13 12 11 10 9 8 7 6 
5 6 7 
5 9 8 7 
5 26 10 9 8 7 
5 24 14 13 12 11 10 9 8 7 
5 24 25 27 13 12 11 10 9 8 7 
5 6 7 8 
5 9 8 
5 26 10 9 8 
5 24 14 13 12 11 10 9 8 
5 24 25 27 13 12 11 10 9 8 
5 9 
5 6 7 8 9 
5 26 10 9 
5 24 14 13 12 11 10 9 
5 24 25 27 13 12 11 10 9 
5 26 10 
5 9 10 
5 24 14 13 12 11 10 
5 24 25 27 13 12 11 10 
5 24 14 13 27 11 10 
5 24 14 13 12 11 
5 24 25 27 13 12 11 
5 24 14 13 27 11 
5 24 25 27 11 
5 26 10 11 
5 24 14 13 12 
5 24 25 27 13 12 
5 24 14 13 27 11 12 
5 4 23 24 14 13 12 
5 24 25 27 11 12 
5 24 14 13 
5 24 25 27 13 
5 4 23 24 14 13 
5 24 25 27 11 12 13 
5 26 25 27 13 
5 24 14 
5 24 25 27 13 14 
5 4 23 24 14 
5 26 25 24 14 
5 24 25 27 11 12 13 14 
5 24 14 15 
5 24 23 28 15 
5 4 23 28 15 
5 4 3 22 20 28 15 
5 24 25 27 13 14 15 
5 24 14 15 16 
5 24 23 28 15 16 
5 4 23 28 15 16 
5 4 3 22 20 16 
5 24 23 22 20 16 
5 24 14 15 16 17 
5 24 23 28 15 16 17 
5 4 23 28 15 16 17 
5 4 3 22 20 16 17 
5 24 23 22 20 16 17 
5 24 14 15 16 17 18 
5 24 23 28 15 16 17 18 
5 4 23 28 15 16 17 18 
5 4 3 22 20 16 17 18 
5 4 3 22 20 19 18 
5 4 3 22 20 19 
5 24 23 22 20 19 
5 24 14 15 16 17 18 19 
5 4 23 22 20 19 
5 24 14 15 28 20 19 
5 4 3 22 20 
5 24 23 22 20 
5 4 23 22 20 
5 24 14 15 28 20 
5 24 23 28 20 
6 5 4 3 21 1 
6 5 4 3 22 20 21 1 
6 5 4 3 2 1 
6 5 24 23 22 20 21 1 
6 5 4 23 22 20 21 1 
6 5 4 3 2 
6 5 24 23 22 3 2 
6 5 4 23 22 3 2 
6 5 4 3 21 1 2 
6 5 24 23 4 3 2 
6 5 4 3 
6 5 24 23 22 3 
6 5 4 23 22 3 
6 5 24 23 4 3 
6 5 24 14 15 28 20 22 3 
6 5 4 
6 5 24 23 4 
6 7 8 9 5 4 
6 5 24 23 22 3 4 
6 5 26 25 24 23 4 
6 5 
6 7 8 9 5 
6 7 8 9 10 26 5 
6 7 8 9 10 11 12 13 14 24 5 
6 7 8 9 10 11 12 13 27 25 24 5 
6 7 
6 5 9 8 7 
6 5 26 10 9 8 7 
6 5 24 14 13 12 11 10 9 8 7 
6 5 24 25 27 13 12 11 10 9 8 7 
6 7 8 
6 5 9 8 
6 5 26 10 9 8 
6 5 24 14 13 12 11 10 9 8 
6 5 24 25 27 13 12 11 10 9 8 
6 5 9 
6 7 8 9 
6 5 26 10 9 
6 5 24 14 13 12 11 10 9 
6 5 24 25 27 13 12 11 10 9 
6 5 26 10 
6 5 9 10 
6 5 24 14 13 12 11 10 
6 5 24 25 27 13 12 11 10 
6 5 24 14 13 27 11 10 
6 5 24 14 13 12 11 
6 5 24 25 27 13 12 11 
6 5 24 14 13 27 11 
6 5 24 25 27 11 
6 5 26 10 11 
6 5 24 14 13 12 
6 5 24 25 27 13 12 
6 5 24 14 13 27 11 12 
6 5 4 23 24 14 13 12 
6 5 24 25 27 11 12 
6 5 24 14 13 
6 5 24 25 27 13 
6 5 4 23 24 14 13 
6 5 24 25 27 11 12 13 
6 5 26 25 27 13 
6 5 24 14 
6 5 24 25 27 13 14 
6 5 4 23 24 14 
6 5 26 25 24 14 
6 5 24 25 27 11 12 13 14 
6 5 24 14 15 
6 5 24 23 28 15 
6 5 4 23 28 15 
6 5 4 3 22 20 28 15 
6 5 24 25 27 13 14 15 
6 5 24 14 15 16 
6 5 24 23 28 15 16 
6 5 4 23 28 15 16 
6 5 4 3 22 20 16 
6 5 24 23 22 20 16 
6 5 24 14 15 16 17 
6 5 24 23 28 15 16 17 
6 5 4 23 28 15 16 17 
6 5 4 3 22 20 16 17 
6 5 24 23 22 20 16 17 
6 5 24 14 15 16 17 18 
6 5 24 23 28 15 16 17 18 
6 5 4 23 28 15 16 17 18 
6 5 4 3 22 20 16 17 18 
6 5 4 3 22 20 19 18 
6 5 4 3 22 20 19 
6 5 24 23 22 20 19 
6 5 24 14 15 16 17 18 19 
6 5 4 23 22 20 19 
6 5 24 14 15 28 20 19 
6 5 4 3 22 20 
6 5 24 23 22 20 
6 5 4 23 22 20 
6 5 24 14 15 28 20 
6 5 24 23 28 20 
7 6 5 4 3 21 1 
7 6 5 4 3 22 20 21 1 
7 6 5 4 3 2 1 
7 6 5 24 23 22 20 21 1 
7 6 5 4 23 22 20 21 1 
7 6 5 4 3 2 
7 6 5 24 23 22 3 2 
7 6 5 4 23 22 3 2 
7 6 5 4 3 21 1 2 
7 8 9 5 4 3 2 
7 6 5 4 3 
7 6 5 24 23 22 3 
7 6 5 4 23 22 3 
7 8 9 5 4 3 
7 6 5 24 23 4 3 
7 6 5 4 
7 8 9 5 4 
7 6 5 24 23 4 
7 6 5 24 23 22 3 4 
7 6 5 26 25 24 23 4 
7 6 5 
7 8 9 5 
7 8 9 10 26 5 
7 8 9 10 11 12 13 14 24 5 
7 8 9 10 11 12 13 27 25 24 5 
7 6 
7 8 9 5 6 
7 8 9 10 26 5 6 
7 8 9 10 11 12 13 14 24 5 6 
7 8 9 10 11 12 13 27 25 24 5 6 
7 8 
7 6 5 9 8 
7 6 5 26 10 9 8 
7 6 5 24 14 13 12 11 10 9 8 
7 6 5 24 25 27 13 12 11 10 9 8 
7 6 5 9 
7 8 9 
7 6 5 26 10 9 
7 6 5 24 14 13 12 11 10 9 
7 6 5 24 25 27 13 12 11 10 9 
7 6 5 26 10 
7 6 5 9 10 
7 6 5 24 14 13 12 11 10 
7 8 9 10 
7 6 5 24 25 27 13 12 11 10 
7 6 5 24 14 13 12 11 
7 6 5 24 25 27 13 12 11 
7 6 5 24 14 13 27 11 
7 6 5 24 25 27 11 
7 6 5 26 10 11 
7 6 5 24 14 13 12 
7 6 5 24 25 27 13 12 
7 6 5 24 14 13 27 11 12 
7 6 5 4 23 24 14 13 12 
7 6 5 24 25 27 11 12 
7 6 5 24 14 13 
7 6 5 24 25 27 13 
7 6 5 4 23 24 14 13 
7 6 5 24 25 27 11 12 13 
7 6 5 26 25 27 13 
7 6 5 24 14 
7 6 5 24 25 27 13 14 
7 6 5 4 23 24 14 
7 6 5 26 25 24 14 
7 8 9 5 24 14 
7 6 5 24 14 15 
7 6 5 24 23 28 15 
7 6 5 4 23 28 15 
7 6 5 4 3 22 20 28 15 
7 6 5 24 25 27 13 14 15 
7 6 5 24 14 15 16 
7 6 5 24 23 28 15 16 
7 6 5 4 23 28 15 16 
7 6 5 4 3 22 20 16 
7 6 5 24 23 22 20 16 
7 6 5 24 14 15 16 17 
7 6 5 24 23 28 15 16 17 
7 6 5 4 23 28 15 16 17 
7 6 5 4 3 22 20 16 17 
7 6 5 24 23 22 20 16 17 
7 6 5 24 14 15 16 17 18 
7 6 5 24 23 28 15 16 17 18 
7 6 5 4 23 28 15 16 17 18 
7 6 5 4 3 22 20 16 17 18 
7 6 5 4 3 22 20 19 18 
7 6 5 4 3 22 20 19 
7 6 5 24 23 22 20 19 
7 6 5 24 14 15 16 17 18 19 
7 6 5 4 23 22 20 19 
7 6 5 24 14 15 28 20 19 
7 6 5 4 3 22 20 
7 6 5 24 23 22 20 
7 6 5 4 23 22 20 
7 6 5 24 14 15 28 20 
7 6 5 24 23 28 20 
8 7 6 5 4 3 21 1 
8 7 6 5 4 3 22 20 21 1 
8 7 6 5 4 3 2 1 
8 9 5 4 3 21 1 
8 7 6 5 24 23 22 20 21 1 
8 7 6 5 4 3 2 
8 9 5 4 3 2 
8 7 6 5 24 23 22 3 2 
8 7 6 5 4 23 22 3 2 
8 9 5 24 23 22 3 2 
8 7 6 5 4 3 
8 9 5 4 3 
8 7 6 5 24 23 22 3 
8 7 6 5 4 23 22 3 
8 9 5 24 23 22 3 
8 7 6 5 4 
8 9 5 4 
8 7 6 5 24 23 4 
8 9 5 24 23 4 
8 9 10 26 5 4 
8 7 6 5 
8 9 5 
8 9 10 26 5 
8 9 10 11 12 13 14 24 5 
8 9 10 11 12 13 27 25 24 5 
8 7 6 
8 9 5 6 
8 9 10 26 5 6 
8 9 10 11 12 13 14 24 5 6 
8 9 10 11 12 13 27 25 24 5 6 
8 7 
8 9 5 6 7 
8 9 10 26 5 6 7 
8 9 10 11 12 13 14 24 5 6 7 
8 9 10 11 12 13 27 25 24 5 6 7 
8 9 
8 7 6 5 9 
8 7 6 5 26 10 9 
8 7 6 5 24 14 13 12 11 10 9 
8 7 6 5 24 25 27 13 12 11 10 9 
8 9 10 
8 7 6 5 26 10 
8 7 6 5 9 10 
8 7 6 5 24 14 13 12 11 10 
8 9 5 26 10 
8 7 6 5 24 14 13 12 11 
8 9 10 11 
8 9 5 24 14 13 12 11 
8 7 6 5 24 25 27 13 12 11 
8 7 6 5 24 14 13 27 11 
8 7 6 5 24 14 13 12 
8 9 5 24 14 13 12 
8 7 6 5 24 25 27 13 12 
8 9 10 11 12 
8 7 6 5 24 14 13 27 11 12 
8 7 6 5 24 14 13 
8 9 5 24 14 13 
8 7 6 5 24 25 27 13 
8 9 10 11 12 13 
8 9 5 24 25 27 13 
8 7 6 5 24 14 
8 9 5 24 14 
8 7 6 5 24 25 27 13 14 
8 9 10 11 12 13 14 
8 7 6 5 4 23 24 14 
8 7 6 5 24 14 15 
8 9 5 24 14 15 
8 7 6 5 24 23 28 15 
8 7 6 5 4 23 28 15 
8 7 6 5 4 3 22 20 28 15 
8 7 6 5 24 14 15 16 
8 9 5 24 14 15 16 
8 7 6 5 24 23 28 15 16 
8 7 6 5 4 23 28 15 16 
8 7 6 5 4 3 22 20 16 
8 7 6 5 24 14 15 16 17 
8 9 5 24 14 15 16 17 
8 7 6 5 24 23 28 15 16 17 
8 7 6 5 4 23 28 15 16 17 
8 7 6 5 4 3 22 20 16 17 
8 7 6 5 24 14 15 16 17 18 
8 9 5 24 14 15 16 17 18 
8 7 6 5 24 23 28 15 16 17 18 
8 7 6 5 4 23 28 15 16 17 18 
8 7 6 5 4 3 22 20 16 17 18 
8 7 6 5 4 3 22 20 19 
8 7 6 5 24 23 22 20 19 
8 7 6 5 24 14 15 16 17 18 19 
8 7 6 5 4 23 22 20 19 
8 9 5 4 3 22 20 19 
8 7 6 5 4 3 22 20 
8 7 6 5 24 23 22 20 
8 7 6 5 4 23 22 20 
8 9 5 4 3 22 20 
8 9 5 24 23 22 20 
9 5 4 3 21 1 
9 5 4 3 22 20 21 1 
9 5 4 3 2 1 
9 5 24 23 22 20 21 1 
9 5 4 23 22 20 21 1 
9 5 4 3 2 
9 5 24 23 22 3 2 
9 5 4 23 22 3 2 
9 5 4 3 21 1 2 
9 5 24 23 4 3 2 
9 5 4 3 
9 5 24 23 22 3 
9 5 4 23 22 3 
9 5 24 23 4 3 
9 8 7 6 5 4 3 
9 5 4 
9 5 24 23 4 
9 8 7 6 5 4 
9 10 26 5 4 
9 10 11 12 13 14 24 5 4 
9 5 
9 8 7 6 5 
9 10 26 5 
9 10 11 12 13 14 24 5 
9 10 11 12 13 27 25 24 5 
9 5 6 
9 8 7 6 
9 10 26 5 6 
9 10 11 12 13 14 24 5 6 
9 10 11 12 13 27 25 24 5 6 
9 5 6 7 
9 8 7 
9 10 26 5 6 7 
9 10 11 12 13 14 24 5 6 7 
9 10 11 12 13 27 25 24 5 6 7 
9 8 
9 5 6 7 8 
9 10 26 5 6 7 8 
9 10 11 12 13 14 24 5 6 7 8 
9 10 11 12 13 27 25 24 5 6 7 8 
9 10 
9 5 26 10 
9 5 24 14 13 12 11 10 
9 5 24 25 27 13 12 11 10 
9 5 24 14 13 27 11 10 
9 10 11 
9 5 24 14 13 12 11 
9 5 24 25 27 13 12 11 
9 5 24 14 13 27 11 
9 5 24 25 27 11 
9 5 24 14 13 12 
9 10 11 12 
9 5 24 25 27 13 12 
9 10 11 27 13 12 
9 5 24 14 13 27 11 12 
9 5 24 14 13 
9 10 11 12 13 
9 5 24 25 27 13 
9 10 11 27 13 
9 5 4 23 24 14 13 
9 5 24 14 
9 10 11 12 13 14 
9 5 24 25 27 13 14 
9 5 4 23 24 14 
9 5 26 25 24 14 
9 5 24 14 15 
9 5 24 23 28 15 
9 10 11 12 13 14 15 
9 5 4 23 28 15 
9 5 4 3 22 20 28 15 
9 5 24 14 15 16 
9 5 24 23 28 15 16 
9 10 11 12 13 14 15 16 
9 5 4 23 28 15 16 
9 5 4 3 22 20 16 
9 5 24 14 15 16 17 
9 5 24 23 28 15 16 17 
9 10 11 12 13 14 15 16 17 
9 5 4 23 28 15 16 17 
9 5 4 3 22 20 16 17 
9 5 24 14 15 16 17 18 
9 5 24 23 28 15 16 17 18 
9 10 11 12 13 14 15 16 17 18 
9 5 4 23 28 15 16 17 18 
9 5 4 3 22 20 16 17 18 
9 5 4 3 22 20 19 
9 5 24 23 22 20 19 
9 5 24 14 15 16 17 18 19 
9 5 4 23 22 20 19 
9 5 24 14 15 28 20 19 
9 5 4 3 22 20 
9 5 24 23 22 20 
9 5 4 23 22 20 
9 5 24 14 15 28 20 
9 5 24 23 28 20 
10 11 12 13 14 24 23 22 20 21 1 
10 11 12 13 14 15 28 20 21 1 
10 11 12 13 14 24 23 22 3 21 1 
10 26 5 4 3 21 1 
10 9 5 4 3 21 1 
10 11 12 13 14 24 23 22 3 2 
10 26 5 4 3 2 
10 9 5 4 3 2 
10 11 12 13 14 24 5 4 3 2 
10 11 12 13 27 25 24 23 22 3 2 
10 11 12 13 14 24 23 22 3 
10 26 5 4 3 
10 9 5 4 3 
10 11 12 13 14 24 5 4 3 
10 11 12 13 27 25 24 23 22 3 
10 26 5 4 
10 9 5 4 
10 11 12 13 14 24 5 4 
10 11 12 13 14 24 23 4 
10 11 12 13 27 25 24 5 4 
10 26 5 
10 9 5 
10 11 12 13 14 24 5 
10 11 12 13 27 25 24 5 
10 11 27 13 14 24 5 
10 26 5 6 
10 9 5 6 
10 11 12 13 14 24 5 6 
10 11 12 13 27 25 24 5 6 
10 11 27 13 14 24 5 6 
10 26 5 6 7 
10 9 5 6 7 
10 11 12 13 14 24 5 6 7 
10 9 8 7 
10 11 12 13 27 25 24 5 6 7 
10 9 8 
10 26 5 6 7 8 
10 9 5 6 7 8 
10 11 12 13 14 24 5 6 7 8 
10 26 5 9 8 
10 9 
10 26 5 9 
10 11 12 13 14 24 5 9 
10 11 12 13 27 25 24 5 9 
10 11 27 13 14 24 5 9 
10 11 
10 26 25 27 13 12 11 
10 26 25 24 14 13 12 11 
10 26 5 24 14 13 12 11 
10 9 5 24 14 13 12 11 
10 11 12 
10 11 27 13 12 
10 26 25 27 13 12 
10 26 25 24 14 13 12 
10 26 5 24 14 13 12 
10 11 12 13 
10 11 27 13 
10 26 25 27 13 
10 26 25 24 14 13 
10 26 5 24 14 13 
10 11 12 13 14 
10 11 27 13 14 
10 11 12 13 27 25 24 14 
10 26 25 24 14 
10 26 5 24 14 
10 11 12 13 14 15 
10 11 27 13 14 15 
10 11 12 13 27 25 24 14 15 
10 26 25 24 14 15 
10 26 5 24 14 15 
10 11 12 13 14 15 16 
10 11 27 13 14 15 16 
10 11 12 13 27 25 24 14 15 16 
10 26 25 24 14 15 16 
10 26 5 24 14 15 16 
10 11 12 13 14 15 16 17 
10 11 27 13 14 15 16 17 
10 11 12 13 27 25 24 14 15 16 17 
10 26 25 24 14 15 16 17 
10 26 5 24 14 15 16 17 
10 11 12 13 14 15 16 17 18 
10 11 27 13 14 15 16 17 18 
10 11 12 13 27 25 24 14 15 16 17 18 
10 26 25 24 14 15 16 17 18 
10 26 5 24 14 15 16 17 18 
10 11 12 13 14 15 16 17 18 19 
10 11 12 13 14 24 23 22 20 19 
10 11 12 13 14 15 28 20 19 
10 11 27 13 14 15 16 17 18 19 
10 26 5 4 3 22 20 19 
10 11 12 13 14 24 23 22 20 
10 11 12 13 14 15 28 20 
10 26 5 4 3 22 20 
10 11 12 13 27 25 24 23 22 20 
10 11 27 13 14 24 23 22 20 
11 12 13 14 24 23 22 20 21 1 
11 12 13 14 15 28 20 21 1 
11 12 13 14 24 23 22 3 21 1 
11 12 13 14 24 23 22 3 2 1 
11 12 13 27 25 24 23 22 20 21 1 
11 12 13 14 24 23 22 3 2 
11 12 13 14 24 5 4 3 2 
11 12 13 27 25 24 23 22 3 2 
11 27 13 14 24 23 22 3 2 
11 12 13 14 15 28 20 22 3 2 
11 12 13 14 24 23 22 3 
11 12 13 14 24 5 4 3 
11 12 13 27 25 24 23 22 3 
11 27 13 14 24 23 22 3 
11 12 13 14 15 28 20 22 3 
11 12 13 14 24 5 4 
11 12 13 14 24 23 4 
11 12 13 27 25 24 5 4 
11 27 13 14 24 5 4 
11 27 25 24 5 4 
11 12 13 14 24 5 
11 12 13 27 25 24 5 
11 27 13 14 24 5 
11 27 25 24 5 
11 10 26 5 
11 12 13 14 24 5 6 
11 12 13 27 25 24 5 6 
11 27 13 14 24 5 6 
11 27 25 24 5 6 
11 10 26 5 6 
11 12 13 14 24 5 6 7 
11 12 13 27 25 24 5 6 7 
11 27 13 14 24 5 6 7 
11 27 25 24 5 6 7 
11 10 26 5 6 7 
11 12 13 14 24 5 6 7 8 
11 10 9 8 
11 12 13 14 24 5 9 8 
11 12 13 27 25 24 5 6 7 8 
11 27 13 14 24 5 6 7 8 
11 10 9 
11 12 13 14 24 5 9 
11 12 13 27 25 24 5 9 
11 27 13 14 24 5 9 
11 27 25 24 5 9 
11 10 
11 12 13 27 25 26 10 
11 12 13 14 24 25 26 10 
11 12 13 14 24 5 26 10 
11 12 13 14 24 5 9 10 
11 12 
11 27 13 12 
11 27 25 24 14 13 12 
11 10 26 25 27 13 12 
11 10 26 25 24 14 13 12 
11 12 13 
11 27 13 
11 27 25 24 14 13 
11 10 26 25 27 13 
11 10 26 25 24 14 13 
11 12 13 14 
11 27 13 14 
11 12 13 27 25 24 14 
11 27 25 24 14 
11 10 26 25 24 14 
11 12 13 14 15 
11 27 13 14 15 
11 12 13 27 25 24 14 15 
11 12 13 14 24 23 28 15 
11 27 25 24 14 15 
11 12 13 14 15 16 
11 27 13 14 15 16 
11 12 13 27 25 24 14 15 16 
11 12 13 14 24 23 28 15 16 
11 27 25 24 14 15 16 
11 12 13 14 15 16 17 
11 27 13 14 15 16 17 
11 12 13 27 25 24 14 15 16 17 
11 12 13 14 24 23 28 15 16 17 
11 27 25 24 14 15 16 17 
11 12 13 14 15 16 17 18 
11 27 13 14 15 16 17 18 
11 12 13 27 25 24 14 15 16 17 18 
11 12 13 14 24 23 28 15 16 17 18 
11 27 25 24 14 15 16 17 18 
11 12 13 14 15 16 17 18 19 
11 12 13 14 24 23 22 20 19 
11 12 13 14 15 28 20 19 
11 27 13 14 15 16 17 18 19 
11 12 13 27 25 24 23 22 20 19 
11 12 13 14 24 23 22 20 
11 12 13 14 15 28 20 
11 12 13 27 25 24 23 22 20 
11 27 13 14 24 23 22 20 
11 27 13 14 15 28 20 
12 13 14 24 23 22 20 21 1 
12 13 14 15 28 20 21 1 
12 13 14 24 23 22 3 21 1 
12 13 14 24 23 22 3 2 1 
12 13 27 25 24 23 22 20 21 1 
12 13 14 24 23 22 3 2 
12 13 14 24 5 4 3 2 
12 13 27 25 24 23 22 3 2 
12 13 14 15 28 20 22 3 2 
12 13 14 24 23 4 3 2 
12 13 14 24 23 22 3 
12 13 14 24 5 4 3 
12 13 27 25 24 23 22 3 
12 13 14 15 28 20 22 3 
12 13 14 24 23 4 3 
12 13 14 24 5 4 
12 13 14 24 23 4 
12 13 27 25 24 5 4 
12 11 27 13 14 24 5 4 
12 13 27 25 24 23 4 
12 13 14 24 5 
12 13 27 25 24 5 
12 11 27 13 14 24 5 
12 13 14 24 23 4 5 
12 11 27 25 24 5 
12 13 14 24 5 6 
12 13 27 25 24 5 6 
12 11 27 13 14 24 5 6 
12 13 14 24 23 4 5 6 
12 11 27 25 24 5 6 
12 13 14 24 5 6 7 
12 13 27 25 24 5 6 7 
12 11 27 13 14 24 5 6 7 
12 13 14 24 23 4 5 6 7 
12 11 27 25 24 5 6 7 
12 13 14 24 5 6 7 8 
12 13 14 24 5 9 8 
12 13 27 25 24 5 6 7 8 
12 11 10 9 8 
12 11 27 13 14 24 5 6 7 8 
12 13 14 24 5 9 
12 11 10 9 
12 13 27 25 24 5 9 
12 13 27 11 10 9 
12 11 27 13 14 24 5 9 
12 11 10 
12 13 27 11 10 
12 13 27 25 26 10 
12 13 14 24 25 26 10 
12 13 14 24 5 26 10 
12 11 
12 13 27 11 
12 13 14 24 25 27 11 
12 13 27 25 26 10 11 
12 13 14 24 25 26 10 11 
12 13 
12 11 27 13 
12 11 27 25 24 14 13 
12 11 10 26 25 27 13 
12 11 10 26 25 24 14 13 
12 13 14 
12 11 27 13 14 
12 13 27 25 24 14 
12 11 27 25 24 14 
12 13 27 25 26 5 24 14 
12 13 14 15 
12 11 27 13 14 15 
12 13 27 25 24 14 15 
12 13 14 24 23 28 15 
12 13 14 24 23 22 20 28 15 
12 13 14 15 16 
12 11 27 13 14 15 16 
12 13 27 25 24 14 15 16 
12 13 14 24 23 28 15 16 
12 13 14 24 23 22 20 16 
12 13 14 15 16 17 
12 11 27 13 14 15 16 17 
12 13 27 25 24 14 15 16 17 
12 13 14 24 23 28 15 16 17 
12 13 14 24 23 22 20 16 17 
12 13 14 15 16 17 18 
12 11 27 13 14 15 16 17 18 
12 13 27 25 24 14 15 16 17 18 
12 13 14 24 23 28 15 16 17 18 
12 13 14 24 23 22 20 16 17 18 
12 13 14 15 16 17 18 19 
12 13 14 24 23 22 20 19 
12 13 14 15 28 20 19 
12 13 27 25 24 23 22 20 19 
12 11 27 13 14 15 16 17 18 19 
12 13 14 24 23 22 20 
12 13 14 15 28 20 
12 13 27 25 24 23 22 20 
12 13 14 15 16 20 
12 13 14 24 23 28 20 
13 14 24 23 22 20 21 1 
13 14 15 28 20 21 1 
13 14 24 23 22 3 21 1 
13 14 24 23 22 3 2 1 
13 27 25 24 23 22 20 21 1 
13 14 24 23 22 3 2 
13 14 24 5 4 3 2 
13 27 25 24 23 22 3 2 
13 14 15 28 20 22 3 2 
13 14 24 23 4 3 2 
13 14 24 23 22 3 
13 14 24 5 4 3 
13 27 25 24 23 22 3 
13 14 15 28 20 22 3 
13 14 24 23 4 3 
13 14 24 5 4 
13 14 24 23 4 
13 27 25 24 5 4 
13 27 25 24 23 4 
13 12 11 27 25 24 5 4 
13 14 24 5 
13 27 25 24 5 
13 14 24 23 4 5 
13 12 11 27 25 24 5 
13 27 25 26 5 
13 14 24 5 6 
13 27 25 24 5 6 
13 14 24 23 4 5 6 
13 12 11 27 25 24 5 6 
13 27 25 26 5 6 
13 14 24 5 6 7 
13 27 25 24 5 6 7 
13 14 24 23 4 5 6 7 
13 12 11 27 25 24 5 6 7 
13 27 25 26 5 6 7 
13 14 24 5 6 7 8 
13 14 24 5 9 8 
13 27 25 24 5 6 7 8 
13 12 11 10 9 8 
13 27 25 24 5 9 8 
13 14 24 5 9 
13 12 11 10 9 
13 27 25 24 5 9 
13 27 11 10 9 
13 14 24 23 4 5 9 
13 12 11 10 
13 27 11 10 
13 27 25 26 10 
13 14 24 25 26 10 
13 14 24 5 26 10 
13 12 11 
13 27 11 
13 14 24 25 27 11 
13 27 25 26 10 11 
13 14 24 25 26 10 11 
13 12 
13 27 11 12 
13 14 24 25 27 11 12 
13 27 25 26 10 11 12 
13 14 24 25 26 10 11 12 
13 14 
13 27 25 24 14 
13 12 11 27 25 24 14 
13 27 25 26 5 24 14 
13 12 11 10 26 25 24 14 
13 14 15 
13 27 25 24 14 15 
13 14 24 23 28 15 
13 14 24 23 22 20 28 15 
13 12 11 27 25 24 14 15 
13 14 15 16 
13 27 25 24 14 15 16 
13 14 24 23 28 15 16 
13 14 24 23 22 20 16 
13 14 15 28 20 16 
13 14 15 16 17 
13 27 25 24 14 15 16 17 
13 14 24 23 28 15 16 17 
13 14 24 23 22 20 16 17 
13 14 15 28 20 16 17 
13 14 15 16 17 18 
13 27 25 24 14 15 16 17 18 
13 14 24 23 28 15 16 17 18 
13 14 24 23 22 20 16 17 18 
13 14 24 23 22 20 19 18 
13 14 15 16 17 18 19 
13 14 24 23 22 20 19 
13 14 15 28 20 19 
13 27 25 24 23 22 20 19 
13 27 25 24 14 15 16 17 18 19 
13 14 24 23 22 20 
13 14 15 28 20 
13 27 25 24 23 22 20 
13 14 15 16 20 
13 14 24 23 28 20 
14 24 23 22 20 21 1 
14 15 28 20 21 1 
14 24 23 22 3 21 1 
14 24 23 22 3 2 1 
14 24 5 4 3 21 1 
14 24 23 22 3 2 
14 24 5 4 3 2 
14 15 28 20 22 3 2 
14 24 23 4 3 2 
14 13 27 25 24 23 22 3 2 
14 24 23 22 3 
14 24 5 4 3 
14 15 28 20 22 3 
14 24 23 4 3 
14 13 27 25 24 23 22 3 
14 24 5 4 
14 24 23 4 
14 13 27 25 24 5 4 
14 24 23 22 3 4 
14 24 25 26 5 4 
14 24 5 
14 13 27 25 24 5 
14 24 23 4 5 
14 24 25 26 5 
14 13 12 11 27 25 24 5 
14 24 5 6 
14 13 27 25 24 5 6 
14 24 23 4 5 6 
14 24 25 26 5 6 
14 13 12 11 27 25 24 5 6 
14 24 5 6 7 
14 13 27 25 24 5 6 7 
14 24 23 4 5 6 7 
14 24 25 26 5 6 7 
14 24 5 9 8 7 
14 24 5 6 7 8 
14 24 5 9 8 
14 13 27 25 24 5 6 7 8 
14 13 12 11 10 9 8 
14 24 23 4 5 6 7 8 
14 24 5 9 
14 13 12 11 10 9 
14 13 27 25 24 5 9 
14 24 23 4 5 9 
14 24 25 26 5 9 
14 13 12 11 10 
14 13 27 11 10 
14 24 25 27 13 12 11 10 
14 24 25 26 10 
14 24 5 26 10 
14 13 12 11 
14 13 27 11 
14 24 25 27 13 12 11 
14 24 25 27 11 
14 24 25 26 10 11 
14 13 12 
14 13 27 11 12 
14 24 25 27 13 12 
14 24 25 27 11 12 
14 24 5 26 25 27 13 12 
14 13 
14 24 25 27 13 
14 24 25 27 11 12 13 
14 24 5 26 25 27 13 
14 24 25 26 10 11 12 13 
14 15 
14 24 23 28 15 
14 24 23 22 20 28 15 
14 13 27 25 24 23 28 15 
14 24 5 4 23 28 15 
14 15 16 
14 24 23 28 15 16 
14 24 23 22 20 16 
14 15 28 20 16 
14 24 23 22 20 28 15 16 
14 15 16 17 
14 24 23 28 15 16 17 
14 24 23 22 20 16 17 
14 15 28 20 16 17 
14 24 23 22 20 28 15 16 17 
14 15 16 17 18 
14 24 23 28 15 16 17 18 
14 24 23 22 20 16 17 18 
14 24 23 22 20 19 18 
14 15 28 20 16 17 18 
14 15 16 17 18 19 
14 24 23 22 20 19 
14 15 28 20 19 
14 24 23 28 15 16 17 18 19 
14 15 16 20 19 
14 24 23 22 20 
14 15 28 20 
14 15 16 20 
14 24 23 28 20 
14 24 5 4 3 22 20 
15 28 20 21 1 
15 16 20 21 1 
15 28 20 22 3 21 1 
15 28 20 22 3 2 1 
15 28 23 22 20 21 1 
15 28 20 22 3 2 
15 28 23 22 3 2 
15 28 20 21 1 2 
15 16 20 22 3 2 
15 14 24 23 22 3 2 
15 28 20 22 3 
15 28 23 22 3 
15 16 20 22 3 
15 14 24 23 22 3 
15 28 20 21 3 
15 14 24 5 4 
15 28 23 4 
15 28 20 22 3 4 
15 14 24 23 4 
15 28 20 22 23 4 
15 14 24 5 
15 28 23 24 5 
15 28 23 4 5 
15 28 20 22 3 4 5 
15 14 13 27 25 24 5 
15 14 24 5 6 
15 28 23 24 5 6 
15 28 23 4 5 6 
15 28 20 22 3 4 5 6 
15 14 13 27 25 24 5 6 
15 14 24 5 6 7 
15 28 23 24 5 6 7 
15 28 23 4 5 6 7 
15 28 20 22 3 4 5 6 7 
15 14 13 27 25 24 5 6 7 
15 14 24 5 6 7 8 
15 14 24 5 9 8 
15 28 23 24 5 6 7 8 
15 28 23 4 5 6 7 8 
15 28 20 22 3 4 5 6 7 8 
15 14 24 5 9 
15 28 23 24 5 9 
15 14 13 12 11 10 9 
15 28 23 4 5 9 
15 28 20 22 3 4 5 9 
15 14 13 12 11 10 
15 14 13 27 11 10 
15 14 24 25 27 13 12 11 10 
15 14 24 25 26 10 
15 14 24 5 26 10 
15 14 13 12 11 
15 14 13 27 11 
15 14 24 25 27 13 12 11 
15 28 23 24 14 13 12 11 
15 14 24 25 27 11 
15 14 13 12 
15 14 13 27 11 12 
15 14 24 25 27 13 12 
15 28 23 24 14 13 12 
15 28 20 22 23 24 14 13 12 
15 14 13 
15 14 24 25 27 13 
15 28 23 24 14 13 
15 28 20 22 23 24 14 13 
15 14 24 25 27 11 12 13 
15 14 
15 28 23 24 14 
15 28 20 22 23 24 14 
15 28 23 24 25 27 13 14 
15 28 23 4 5 24 14 
15 16 
15 28 20 16 
15 28 20 19 18 17 16 
15 28 23 22 20 16 
15 14 24 23 22 20 16 
15 16 17 
15 28 20 16 17 
15 28 20 19 18 17 
15 16 20 19 18 17 
15 28 23 22 20 16 17 
15 16 17 18 
15 28 20 16 17 18 
15 28 20 19 18 
15 16 20 19 18 
15 28 23 22 20 16 17 18 
15 16 17 18 19 
15 28 20 19 
15 16 20 19 
15 28 20 16 17 18 19 
15 28 23 22 20 19 
15 28 20 
15 16 20 
15 28 23 22 20 
15 16 17 18 19 20 
15 14 24 23 22 20 
16 20 21 1 
16 15 28 20 21 1 
16 17 18 19 20 21 1 
16 20 22 3 21 1 
16 15 28 20 22 3 21 1 
16 20 22 3 2 
16 15 28 20 22 3 2 
16 20 21 1 2 
16 17 18 19 20 22 3 2 
16 15 28 23 22 3 2 
16 20 22 3 
16 15 28 20 22 3 
16 17 18 19 20 22 3 
16 15 28 23 22 3 
16 20 21 3 
16 15 14 24 5 4 
16 15 28 23 4 
16 20 22 3 4 
16 15 28 20 22 3 4 
16 20 22 23 4 
16 15 14 24 5 
16 15 28 23 24 5 
16 15 28 23 4 5 
16 20 22 3 4 5 
16 20 22 23 24 5 
16 15 14 24 5 6 
16 15 28 23 24 5 6 
16 15 28 23 4 5 6 
16 20 22 3 4 5 6 
16 20 22 23 24 5 6 
16 15 14 24 5 6 7 
16 15 28 23 24 5 6 7 
16 15 28 23 4 5 6 7 
16 20 22 3 4 5 6 7 
16 20 22 23 24 5 6 7 
16 15 14 24 5 6 7 8 
16 15 14 24 5 9 8 
16 15 28 23 24 5 6 7 8 
16 15 28 23 4 5 6 7 8 
16 20 22 3 4 5 6 7 8 
16 15 14 24 5 9 
16 15 28 23 24 5 9 
16 15 14 13 12 11 10 9 
16 15 28 23 4 5 9 
16 20 22 3 4 5 9 
16 15 14 13 12 11 10 
16 15 14 13 27 11 10 
16 15 14 24 25 27 13 12 11 10 
16 15 14 24 25 26 10 
16 15 14 24 5 26 10 
16 15 14 13 12 11 
16 15 14 13 27 11 
16 15 14 24 25 27 13 12 11 
16 15 28 23 24 14 13 12 11 
16 15 14 24 25 27 11 
16 15 14 13 12 
16 15 14 13 27 11 12 
16 15 14 24 25 27 13 12 
16 15 28 23 24 14 13 12 
16 20 22 23 24 14 13 12 
16 15 14 13 
16 15 14 24 25 27 13 
16 15 28 23 24 14 13 
16 20 22 23 24 14 13 
16 20 28 15 14 13 
16 15 14 
16 15 28 23 24 14 
16 20 22 23 24 14 
16 20 28 15 14 
16 15 28 20 22 23 24 14 
16 15 
16 20 28 15 
16 17 18 19 20 28 15 
16 20 22 23 28 15 
16 20 22 23 24 14 15 
16 17 
16 20 19 18 17 
16 15 28 20 19 18 17 
16 15 28 23 22 20 19 18 17 
16 15 14 24 23 22 20 19 18 17 
16 17 18 
16 20 19 18 
16 15 28 20 19 18 
16 15 28 23 22 20 19 18 
16 15 14 24 23 22 20 19 18 
16 17 18 19 
16 20 19 
16 15 28 20 19 
16 15 28 23 22 20 19 
16 15 14 24 23 22 20 19 
16 20 
16 15 28 20 
16 17 18 19 20 
16 15 28 23 22 20 
16 15 14 24 23 22 20 
17 16 20 21 1 
17 16 15 28 20 21 1 
17 18 19 20 21 1 
17 16 20 22 3 21 1 
17 16 15 28 20 22 3 21 1 
17 16 20 22 3 2 
17 16 15 28 20 22 3 2 
17 18 19 20 22 3 2 
17 16 20 21 1 2 
17 16 15 28 23 22 3 2 
17 16 20 22 3 
17 16 15 28 20 22 3 
17 18 19 20 22 3 
17 16 15 28 23 22 3 
17 16 20 21 3 
17 16 15 14 24 5 4 
17 16 15 28 23 4 
17 16 20 22 3 4 
17 16 15 28 20 22 3 4 
17 16 20 22 23 4 
17 16 15 14 24 5 
17 16 15 28 23 24 5 
17 16 15 28 23 4 5 
17 16 20 22 3 4 5 
17 16 20 22 23 24 5 
17 16 15 14 24 5 6 
17 16 15 28 23 24 5 6 
17 16 15 28 23 4 5 6 
17 16 20 22 3 4 5 6 
17 16 20 22 23 24 5 6 
17 16 15 14 24 5 6 7 
17 16 15 28 23 24 5 6 7 
17 16 15 28 23 4 5 6 7 
17 16 20 22 3 4 5 6 7 
17 16 20 22 23 24 5 6 7 
17 16 15 14 24 5 6 7 8 
17 16 15 14 24 5 9 8 
17 16 15 28 23 24 5 6 7 8 
17 16 15 28 23 4 5 6 7 8 
17 16 20 22 3 4 5 6 7 8 
17 16 15 14 24 5 9 
17 16 15 28 23 24 5 9 
17 16 15 14 13 12 11 10 9 
17 16 15 28 23 4 5 9 
17 16 20 22 3 4 5 9 
17 16 15 14 13 12 11 10 
17 16 15 14 13 27 11 10 
17 16 15 14 24 25 27 13 12 11 10 
17 16 15 14 24 25 26 10 
17 16 15 14 24 5 26 10 
17 16 15 14 13 12 11 
17 16 15 14 13 27 11 
17 16 15 14 24 25 27 13 12 11 
17 16 15 28 23 24 14 13 12 11 
17 16 15 14 24 25 27 11 
17 16 15 14 13 12 
17 16 15 14 13 27 11 12 
17 16 15 14 24 25 27 13 12 
17 16 15 28 23 24 14 13 12 
17 16 20 22 23 24 14 13 12 
17 16 15 14 13 
17 16 15 14 24 25 27 13 
17 16 15 28 23 24 14 13 
17 16 20 22 23 24 14 13 
17 16 20 28 15 14 13 
17 16 15 14 
17 16 15 28 23 24 14 
17 16 20 22 23 24 14 
17 16 20 28 15 14 
17 16 15 28 20 22 23 24 14 
17 16 15 
17 16 20 28 15 
17 18 19 20 28 15 
17 18 19 20 16 15 
17 16 20 22 23 28 15 
17 16 
17 18 19 20 16 
17 18 19 20 28 15 16 
17 18 19 20 22 23 28 15 16 
17 18 19 20 22 23 24 14 15 16 
17 18 
17 16 20 19 18 
17 16 15 28 20 19 18 
17 16 15 28 23 22 20 19 18 
17 16 15 14 24 23 22 20 19 18 
17 18 19 
17 16 20 19 
17 16 15 28 20 19 
17 16 15 28 23 22 20 19 
17 16 15 14 24 23 22 20 19 
17 16 20 
17 16 15 28 20 
17 18 19 20 
17 16 15 28 23 22 20 
17 16 15 14 24 23 22 20 
18 17 16 20 21 1 
18 19 20 21 1 
18 17 16 15 28 20 21 1 
18 17 16 20 22 3 21 1 
18 19 20 22 3 21 1 
18 17 16 20 22 3 2 
18 19 20 22 3 2 
18 17 16 15 28 20 22 3 2 
18 17 16 20 21 1 2 
18 19 20 21 1 2 
18 17 16 20 22 3 
18 19 20 22 3 
18 17 16 15 28 20 22 3 
18 17 16 15 28 23 22 3 
18 17 16 20 21 3 
18 17 16 15 14 24 5 4 
18 17 16 15 28 23 4 
18 17 16 20 22 3 4 
18 19 20 22 3 4 
18 17 16 15 28 20 22 3 4 
18 17 16 15 14 24 5 
18 17 16 15 28 23 24 5 
18 17 16 15 28 23 4 5 
18 17 16 20 22 3 4 5 
18 19 20 22 3 4 5 
18 17 16 15 14 24 5 6 
18 17 16 15 28 23 24 5 6 
18 17 16 15 28 23 4 5 6 
18 17 16 20 22 3 4 5 6 
18 19 20 22 3 4 5 6 
18 17 16 15 14 24 5 6 7 
18 17 16 15 28 23 24 5 6 7 
18 17 16 15 28 23 4 5 6 7 
18 17 16 20 22 3 4 5 6 7 
18 19 20 22 3 4 5 6 7 
18 17 16 15 14 24 5 6 7 8 
18 17 16 15 14 24 5 9 8 
18 17 16 15 28 23 24 5 6 7 8 
18 17 16 15 28 23 4 5 6 7 8 
18 17 16 20 22 3 4 5 6 7 8 
18 17 16 15 14 24 5 9 
18 17 16 15 28 23 24 5 9 
18 17 16 15 14 13 12 11 10 9 
18 17 16 15 28 23 4 5 9 
18 17 16 20 22 3 4 5 9 
18 17 16 15 14 13 12 11 10 
18 17 16 15 14 13 27 11 10 
18 17 16 15 14 24 25 27 13 12 11 10 
18 17 16 15 14 24 25 26 10 
18 17 16 15 14 24 5 26 10 
18 17 16 15 14 13 12 11 
18 17 16 15 14 13 27 11 
18 17 16 15 14 24 25 27 13 12 11 
18 17 16 15 28 23 24 14 13 12 11 
18 17 16 15 14 24 25 27 11 
18 17 16 15 14 13 12 
18 17 16 15 14 13 27 11 12 
18 17 16 15 14 24 25 27 13 12 
18 17 16 15 28 23 24 14 13 12 
18 17 16 20 22 23 24 14 13 12 
18 17 16 15 14 13 
18 17 16 15 14 24 25 27 13 
18 17 16 15 28 23 24 14 13 
18 17 16 20 22 23 24 14 13 
18 19 20 22 23 24 14 13 
18 17 16 15 14 
18 17 16 15 28 23 24 14 
18 17 16 20 22 23 24 14 
18 19 20 22 23 24 14 
18 17 16 20 28 15 14 
18 17 16 15 
18 17 16 20 28 15 
18 19 20 28 15 
18 19 20 16 15 
18 17 16 20 22 23 28 15 
18 17 16 
18 19 20 16 
18 19 20 28 15 16 
18 19 20 22 23 28 15 16 
18 19 20 22 23 24 14 15 16 
18 17 
18 19 20 16 17 
18 19 20 28 15 16 17 
18 19 20 22 23 28 15 16 17 
18 19 20 22 23 24 14 15 16 17 
18 19 
18 17 16 20 19 
18 17 16 15 28 20 19 
18 17 16 15 28 23 22 20 19 
18 17 16 15 14 24 23 22 20 19 
18 17 16 20 
18 19 20 
18 17 16 15 28 20 
18 17 16 15 28 23 22 20 
18 17 16 15 14 24 23 22 20 
19 20 21 1 
19 20 22 3 21 1 
19 18 17 16 20 21 1 
19 20 22 3 2 1 
19 18 17 16 15 28 20 21 1 
19 20 22 3 2 
19 20 21 1 2 
19 18 17 16 20 22 3 2 
19 20 21 3 2 
19 18 17 16 15 28 20 22 3 2 
19 20 22 3 
19 18 17 16 20 22 3 
19 20 21 3 
19 18 17 16 15 28 20 22 3 
19 18 17 16 15 28 23 22 3 
19 20 22 3 4 
19 20 22 23 4 
19 20 22 23 24 5 4 
19 18 17 16 15 14 24 5 4 
19 18 17 16 15 28 23 4 
19 20 22 3 4 5 
19 20 22 23 24 5 
19 18 17 16 15 14 24 5 
19 20 22 23 4 5 
19 20 28 15 14 24 5 
19 20 22 3 4 5 6 
19 20 22 23 24 5 6 
19 18 17 16 15 14 24 5 6 
19 20 22 23 4 5 6 
19 20 28 15 14 24 5 6 
19 20 22 3 4 5 6 7 
19 20 22 23 24 5 6 7 
19 18 17 16 15 14 24 5 6 7 
19 20 22 23 4 5 6 7 
19 20 28 15 14 24 5 6 7 
19 20 22 3 4 5 6 7 8 
19 20 22 23 24 5 6 7 8 
19 18 17 16 15 14 24 5 6 7 8 
19 20 22 23 4 5 6 7 8 
19 20 22 3 4 5 9 8 
19 20 22 3 4 5 9 
19 20 22 23 24 5 9 
19 18 17 16 15 14 24 5 9 
19 20 22 23 4 5 9 
19 20 28 15 14 24 5 9 
19 18 17 16 15 14 13 12 11 10 
19 20 22 23 24 14 13 12 11 10 
19 20 28 15 14 13 12 11 10 
19 18 17 16 15 14 13 27 11 10 
19 20 22 3 4 5 26 10 
19 18 17 16 15 14 13 12 11 
19 20 22 23 24 14 13 12 11 
19 20 28 15 14 13 12 11 
19 18 17 16 15 14 13 27 11 
19 20 22 23 24 25 27 13 12 11 
19 18 17 16 15 14 13 12 
19 20 22 23 24 14 13 12 
19 20 28 15 14 13 12 
19 20 22 23 24 25 27 13 12 
19 18 17 16 15 14 13 27 11 12 
19 18 17 16 15 14 13 
19 20 22 23 24 14 13 
19 20 28 15 14 13 
19 20 22 23 24 25 27 13 
19 18 17 16 15 14 24 25 27 13 
19 18 17 16 15 14 
19 20 22 23 24 14 
19 20 28 15 14 
19 18 17 16 15 28 23 24 14 
19 20 16 15 14 
19 18 17 16 15 
19 20 28 15 
19 20 16 15 
19 18 17 16 20 28 15 
19 20 22 23 28 15 
19 18 17 16 
19 20 16 
19 20 28 15 16 
19 20 22 23 28 15 16 
19 20 22 23 24 14 15 16 
19 18 17 
19 20 16 17 
19 20 28 15 16 17 
19 20 22 23 28 15 16 17 
19 20 22 23 24 14 15 16 17 
19 18 
19 20 16 17 18 
19 20 28 15 16 17 18 
19 20 22 23 28 15 16 17 18 
19 20 22 23 24 14 15 16 17 18 
19 20 
19 18 17 16 20 
19 18 17 16 15 28 20 
19 18 17 16 15 28 23 22 20 
19 18 17 16 15 14 24 23 22 20 
20 21 1 
20 22 3 21 1 
20 22 3 2 1 
20 21 3 2 1 
20 28 23 22 3 21 1 
20 22 3 2 
20 21 1 2 
20 21 3 2 
20 22 3 21 1 2 
20 28 23 22 3 2 
20 22 3 
20 21 3 
20 28 23 22 3 
20 22 23 4 3 
20 21 1 2 3 
20 22 3 4 
20 22 23 4 
20 22 23 24 5 4 
20 21 3 4 
20 28 23 4 
20 22 3 4 5 
20 22 23 24 5 
20 22 23 4 5 
20 28 15 14 24 5 
20 28 23 24 5 
20 22 3 4 5 6 
20 22 23 24 5 6 
20 22 23 4 5 6 
20 28 15 14 24 5 6 
20 28 23 24 5 6 
20 22 3 4 5 6 7 
20 22 23 24 5 6 7 
20 22 23 4 5 6 7 
20 28 15 14 24 5 6 7 
20 28 23 24 5 6 7 
20 22 3 4 5 6 7 8 
20 22 23 24 5 6 7 8 
20 22 23 4 5 6 7 8 
20 22 3 4 5 9 8 
20 22 23 24 5 9 8 
20 22 3 4 5 9 
20 22 23 24 5 9 
20 22 23 4 5 9 
20 28 15 14 24 5 9 
20 28 23 24 5 9 
20 22 23 24 14 13 12 11 10 
20 28 15 14 13 12 11 10 
20 22 3 4 5 26 10 
20 22 23 24 25 27 13 12 11 10 
20 22 23 24 14 13 27 11 10 
20 22 23 24 14 13 12 11 
20 28 15 14 13 12 11 
20 22 23 24 25 27 13 12 11 
20 22 23 24 14 13 27 11 
20 28 15 14 13 27 11 
20 22 23 24 14 13 12 
20 28 15 14 13 12 
20 22 23 24 25 27 13 12 
20 16 15 14 13 12 
20 22 3 4 5 24 14 13 12 
20 22 23 24 14 13 
20 28 15 14 13 
20 22 23 24 25 27 13 
20 16 15 14 13 
20 22 3 4 5 24 14 13 
20 22 23 24 14 
20 28 15 14 
20 16 15 14 
20 22 3 4 5 24 14 
20 28 23 24 14 
20 28 15 
20 16 15 
20 22 23 28 15 
20 19 18 17 16 15 
20 22 23 24 14 15 
20 16 
20 28 15 16 
20 19 18 17 16 
20 22 23 28 15 16 
20 22 23 24 14 15 16 
20 16 17 
20 28 15 16 17 
20 19 18 17 
20 22 23 28 15 16 17 
20 22 23 24 14 15 16 17 
20 16 17 18 
20 19 18 
20 28 15 16 17 18 
20 22 23 28 15 16 17 18 
20 22 23 24 14 15 16 17 18 
20 19 
20 16 17 18 19 
20 28 15 16 17 18 19 
20 22 23 28 15 16 17 18 19 
20 22 23 24 14 15 16 17 18 19 
