1 2 
1 3 2 
1 6 7 4 2 
1 3 9 8 7 4 2 
1 6 11 12 14 4 2 
1 3 
1 2 3 
1 6 7 8 9 3 
1 6 11 13 10 9 3 
1 2 4 7 8 9 3 
1 2 4 
1 6 7 4 
1 3 2 4 
1 3 9 8 7 4 
1 6 11 12 14 4 
1 2 4 5 
1 3 9 10 5 
1 6 7 4 5 
1 3 2 4 5 
1 3 9 8 7 4 5 
1 6 
1 3 9 8 7 6 
1 2 4 7 6 
1 3 9 10 13 11 6 
1 2 4 14 12 11 6 
1 6 7 
1 3 9 8 7 
1 2 4 7 
1 2 3 9 8 7 
1 3 2 4 7 
1 3 9 8 
1 6 7 8 
1 2 3 9 8 
1 2 4 7 8 
1 3 2 4 7 8 
1 3 9 
1 2 3 9 
1 6 7 8 9 
1 6 11 13 10 9 
1 2 4 7 8 9 
1 3 9 10 
1 6 11 13 10 
1 2 4 5 10 
1 2 4 14 12 10 
1 2 3 9 10 
1 6 11 
1 3 9 10 13 11 
1 3 9 8 7 6 11 
1 2 4 14 12 11 
1 6 7 4 14 12 11 
1 2 4 14 12 
1 6 11 12 
1 6 7 4 14 12 
1 3 2 4 14 12 
1 3 9 10 12 
1 6 11 13 
1 3 9 10 13 
1 3 9 8 7 6 11 13 
1 2 4 14 12 11 13 
1 2 4 5 10 13 
1 2 4 14 
1 6 11 12 14 
1 6 7 4 14 
1 3 2 4 14 
1 3 9 10 12 14 
2 1 
2 3 1 
2 4 7 6 1 
2 4 7 8 9 3 1 
2 4 14 12 11 6 1 
2 3 
2 1 3 
2 4 7 8 9 3 
2 4 5 10 9 3 
2 4 14 12 10 9 3 
2 4 
2 3 9 8 7 4 
2 1 6 7 4 
2 3 9 10 5 4 
2 1 3 9 8 7 4 
2 4 5 
2 4 14 12 10 5 
2 3 9 10 5 
2 1 3 9 10 5 
2 3 9 8 7 4 5 
2 1 6 
2 4 7 6 
2 3 1 6 
2 4 14 12 11 6 
2 3 9 8 7 6 
2 4 7 
2 3 9 8 7 
2 1 6 7 
2 1 3 9 8 7 
2 3 1 6 7 
2 3 9 8 
2 4 7 8 
2 1 3 9 8 
2 1 6 7 8 
2 3 1 6 7 8 
2 3 9 
2 1 3 9 
2 4 7 8 9 
2 4 5 10 9 
2 4 14 12 10 9 
2 4 5 10 
2 4 14 12 10 
2 3 9 10 
2 1 3 9 10 
2 4 14 12 11 13 10 
2 4 14 12 11 
2 1 6 11 
2 4 5 10 13 11 
2 4 7 6 11 
2 3 1 6 11 
2 4 14 12 
2 4 5 10 12 
2 1 6 11 12 
2 3 9 10 12 
2 3 9 8 7 4 14 12 
2 4 14 12 11 13 
2 4 5 10 13 
2 1 6 11 13 
2 4 14 12 10 13 
2 3 9 10 13 
2 4 14 
2 4 5 10 12 14 
2 1 6 11 12 14 
2 3 9 10 12 14 
2 3 9 8 7 4 14 
3 1 
3 2 1 
3 9 8 7 6 1 
3 9 10 13 11 6 1 
3 9 8 7 4 2 1 
3 2 
3 1 2 
3 9 8 7 4 2 
3 9 10 5 4 2 
3 9 10 12 14 4 2 
3 2 4 
3 9 8 7 4 
3 1 2 4 
3 9 10 5 4 
3 9 10 12 14 4 
3 9 10 5 
3 2 4 5 
3 9 8 7 4 5 
3 1 2 4 5 
3 9 10 12 14 4 5 
3 1 6 
3 9 8 7 6 
3 2 1 6 
3 9 10 13 11 6 
3 2 4 7 6 
3 9 8 7 
3 1 6 7 
3 2 4 7 
3 1 2 4 7 
3 9 10 5 4 7 
3 9 8 
3 1 6 7 8 
3 2 4 7 8 
3 1 2 4 7 8 
3 9 10 5 4 7 8 
3 9 
3 1 6 7 8 9 
3 2 4 7 8 9 
3 1 6 11 13 10 9 
3 2 4 5 10 9 
3 9 10 
3 1 6 11 13 10 
3 2 4 5 10 
3 9 8 7 4 5 10 
3 2 4 14 12 10 
3 1 6 11 
3 9 10 13 11 
3 9 8 7 6 11 
3 2 4 14 12 11 
3 9 10 12 11 
3 2 4 14 12 
3 9 10 12 
3 9 8 7 4 14 12 
3 1 2 4 14 12 
3 9 10 5 4 14 12 
3 9 10 13 
3 1 6 11 13 
3 9 8 7 6 11 13 
3 2 4 14 12 11 13 
3 9 10 12 11 13 
3 2 4 14 
3 9 10 12 14 
3 9 8 7 4 14 
3 1 2 4 14 
3 9 10 5 4 14 
4 2 1 
4 7 6 1 
4 2 3 1 
4 7 8 9 3 1 
4 14 12 11 6 1 
4 2 
4 7 8 9 3 2 
4 7 6 1 2 
4 5 10 9 3 2 
4 7 8 9 3 1 2 
4 2 3 
4 7 8 9 3 
4 2 1 3 
4 5 10 9 3 
4 14 12 10 9 3 
4 5 
4 14 12 10 5 
4 14 12 11 13 10 5 
4 7 8 9 10 5 
4 7 6 11 13 10 5 
4 7 6 
4 14 12 11 6 
4 5 10 13 11 6 
4 2 1 6 
4 14 12 10 13 11 6 
4 7 
4 14 12 11 6 7 
4 5 10 9 8 7 
4 5 10 13 11 6 7 
4 2 3 9 8 7 
4 7 8 
4 5 10 9 8 
4 2 3 9 8 
4 14 12 11 6 7 8 
4 14 12 10 9 8 
4 7 8 9 
4 5 10 9 
4 2 3 9 
4 14 12 10 9 
4 2 1 3 9 
4 5 10 
4 14 12 10 
4 14 12 11 13 10 
4 7 8 9 10 
4 7 6 11 13 10 
4 14 12 11 
4 5 10 13 11 
4 7 6 11 
4 14 12 10 13 11 
4 5 10 12 11 
4 14 12 
4 5 10 12 
4 5 10 13 11 12 
4 7 6 11 12 
4 7 8 9 10 12 
4 14 12 11 13 
4 5 10 13 
4 14 12 10 13 
4 7 6 11 13 
4 5 10 12 11 13 
4 14 
4 5 10 12 14 
4 5 10 13 11 12 14 
4 7 6 11 12 14 
4 7 8 9 10 12 14 
5 4 2 1 
5 10 9 3 1 
5 4 7 6 1 
5 4 2 3 1 
5 4 7 8 9 3 1 
5 4 2 
5 10 12 14 4 2 
5 10 9 3 2 
5 10 9 3 1 2 
5 4 7 8 9 3 2 
5 10 9 3 
5 4 2 3 
5 4 7 8 9 3 
5 4 2 1 3 
5 4 14 12 10 9 3 
5 4 
5 10 12 14 4 
5 10 13 11 12 14 4 
5 10 9 8 7 4 
5 10 13 11 6 7 4 
5 4 7 6 
5 10 13 11 6 
5 4 14 12 11 6 
5 4 2 1 6 
5 10 12 11 6 
5 4 7 
5 10 9 8 7 
5 10 13 11 6 7 
5 4 14 12 11 6 7 
5 10 12 14 4 7 
5 4 7 8 
5 10 9 8 
5 4 2 3 9 8 
5 10 13 11 6 7 8 
5 4 14 12 11 6 7 8 
5 10 9 
5 4 7 8 9 
5 4 2 3 9 
5 4 14 12 10 9 
5 4 2 1 3 9 
5 10 
5 4 14 12 10 
5 4 14 12 11 13 10 
5 4 7 8 9 10 
5 4 7 6 11 13 10 
5 10 13 11 
5 4 14 12 11 
5 10 12 11 
5 4 7 6 11 
5 4 14 12 10 13 11 
5 4 14 12 
5 10 12 
5 10 13 11 12 
5 4 7 6 11 12 
5 10 9 8 7 4 14 12 
5 10 13 
5 4 14 12 11 13 
5 4 14 12 10 13 
5 10 12 11 13 
5 4 7 6 11 13 
5 4 14 
5 10 12 14 
5 10 13 11 12 14 
5 4 7 6 11 12 14 
5 10 9 8 7 4 14 
6 1 
6 7 8 9 3 1 
6 7 4 2 1 
6 11 13 10 9 3 1 
6 11 12 14 4 2 1 
6 1 2 
6 7 4 2 
6 1 3 2 
6 11 12 14 4 2 
6 7 8 9 3 2 
6 1 3 
6 7 8 9 3 
6 1 2 3 
6 11 13 10 9 3 
6 7 4 2 3 
6 7 4 
6 11 12 14 4 
6 11 13 10 5 4 
6 1 2 4 
6 11 13 10 12 14 4 
6 7 4 5 
6 11 13 10 5 
6 11 12 14 4 5 
6 1 2 4 5 
6 11 12 10 5 
6 7 
6 1 3 9 8 7 
6 11 12 14 4 7 
6 11 13 10 5 4 7 
6 1 2 4 7 
6 7 8 
6 1 3 9 8 
6 11 12 14 4 7 8 
6 11 13 10 9 8 
6 1 2 3 9 8 
6 7 8 9 
6 1 3 9 
6 11 13 10 9 
6 1 2 3 9 
6 7 4 5 10 9 
6 11 13 10 
6 7 4 5 10 
6 11 12 10 
6 7 8 9 10 
6 1 3 9 10 
6 11 
6 7 4 14 12 11 
6 7 4 5 10 13 11 
6 7 8 9 10 13 11 
6 1 3 9 10 13 11 
6 11 12 
6 7 4 14 12 
6 11 13 10 12 
6 11 13 10 5 4 14 12 
6 1 2 4 14 12 
6 11 13 
6 7 4 14 12 11 13 
6 7 4 5 10 13 
6 11 12 10 13 
6 7 8 9 10 13 
6 11 12 14 
6 7 4 14 
6 11 13 10 12 14 
6 11 13 10 5 4 14 
6 1 2 4 14 
7 6 1 
7 8 9 3 1 
7 4 2 1 
7 8 9 3 2 1 
7 4 2 3 1 
7 4 2 
7 8 9 3 2 
7 6 1 2 
7 8 9 3 1 2 
7 6 1 3 2 
7 8 9 3 
7 6 1 3 
7 4 2 3 
7 4 2 1 3 
7 4 5 10 9 3 
7 4 
7 6 11 12 14 4 
7 8 9 10 5 4 
7 6 11 13 10 5 4 
7 8 9 3 2 4 
7 4 5 
7 8 9 10 5 
7 6 11 13 10 5 
7 6 11 12 14 4 5 
7 4 14 12 10 5 
7 6 
7 8 9 3 1 6 
7 4 14 12 11 6 
7 4 5 10 13 11 6 
7 4 2 1 6 
7 8 
7 6 1 3 9 8 
7 4 5 10 9 8 
7 4 2 3 9 8 
7 6 11 13 10 9 8 
7 8 9 
7 6 1 3 9 
7 4 5 10 9 
7 4 2 3 9 
7 6 11 13 10 9 
7 4 5 10 
7 8 9 10 
7 6 11 13 10 
7 4 14 12 10 
7 4 14 12 11 13 10 
7 6 11 
7 4 14 12 11 
7 4 5 10 13 11 
7 8 9 10 13 11 
7 4 14 12 10 13 11 
7 4 14 12 
7 6 11 12 
7 4 5 10 12 
7 8 9 10 12 
7 6 11 13 10 12 
7 6 11 13 
7 4 14 12 11 13 
7 4 5 10 13 
7 8 9 10 13 
7 4 14 12 10 13 
7 4 14 
7 6 11 12 14 
7 4 5 10 12 14 
7 8 9 10 12 14 
7 6 11 13 10 12 14 
8 9 3 1 
8 7 6 1 
8 9 3 2 1 
8 7 4 2 1 
8 7 4 2 3 1 
8 9 3 2 
8 7 4 2 
8 9 3 1 2 
8 7 6 1 2 
8 7 6 1 3 2 
8 9 3 
8 7 6 1 3 
8 7 4 2 3 
8 7 4 2 1 3 
8 7 4 5 10 9 3 
8 7 4 
8 9 10 5 4 
8 9 3 2 4 
8 7 6 11 12 14 4 
8 9 10 12 14 4 
8 7 4 5 
8 9 10 5 
8 9 3 2 4 5 
8 7 6 11 13 10 5 
8 7 6 11 12 14 4 5 
8 7 6 
8 9 3 1 6 
8 7 4 14 12 11 6 
8 9 10 13 11 6 
8 9 3 2 1 6 
8 7 
8 9 3 1 6 7 
8 9 10 5 4 7 
8 9 3 2 4 7 
8 9 10 13 11 6 7 
8 9 
8 7 6 1 3 9 
8 7 4 5 10 9 
8 7 4 2 3 9 
8 7 6 11 13 10 9 
8 9 10 
8 7 4 5 10 
8 7 6 11 13 10 
8 7 4 14 12 10 
8 7 4 14 12 11 13 10 
8 7 6 11 
8 7 4 14 12 11 
8 9 10 13 11 
8 9 3 1 6 11 
8 7 4 5 10 13 11 
8 7 4 14 12 
8 7 6 11 12 
8 9 10 12 
8 9 10 5 4 14 12 
8 9 3 2 4 14 12 
8 7 6 11 13 
8 9 10 13 
8 7 4 14 12 11 13 
8 7 4 5 10 13 
8 9 3 1 6 11 13 
8 7 4 14 
8 7 6 11 12 14 
8 9 10 12 14 
8 9 10 5 4 14 
8 9 3 2 4 14 
9 3 1 
9 3 2 1 
9 8 7 6 1 
9 10 13 11 6 1 
9 8 7 4 2 1 
9 3 2 
9 3 1 2 
9 8 7 4 2 
9 10 5 4 2 
9 10 12 14 4 2 
9 3 
9 8 7 6 1 3 
9 8 7 4 2 3 
9 10 13 11 6 1 3 
9 10 5 4 2 3 
9 8 7 4 
9 10 5 4 
9 3 2 4 
9 10 12 14 4 
9 3 1 2 4 
9 10 5 
9 8 7 4 5 
9 3 2 4 5 
9 10 12 14 4 5 
9 3 1 2 4 5 
9 8 7 6 
9 3 1 6 
9 10 13 11 6 
9 3 2 1 6 
9 10 5 4 7 6 
9 8 7 
9 3 1 6 7 
9 10 5 4 7 
9 3 2 4 7 
9 10 13 11 6 7 
9 8 
9 3 1 6 7 8 
9 10 5 4 7 8 
9 3 2 4 7 8 
9 10 13 11 6 7 8 
9 10 
9 8 7 4 5 10 
9 8 7 6 11 13 10 
9 3 1 6 11 13 10 
9 3 2 4 5 10 
9 10 13 11 
9 8 7 6 11 
9 3 1 6 11 
9 10 12 11 
9 8 7 4 14 12 11 
9 10 12 
9 8 7 4 14 12 
9 10 5 4 14 12 
9 3 2 4 14 12 
9 10 13 11 12 
9 10 13 
9 8 7 6 11 13 
9 3 1 6 11 13 
9 10 12 11 13 
9 8 7 4 14 12 11 13 
9 10 12 14 
9 8 7 4 14 
9 10 5 4 14 
9 3 2 4 14 
9 10 13 11 12 14 
10 9 3 1 
10 13 11 6 1 
10 5 4 2 1 
10 12 14 4 2 1 
10 9 3 2 1 
10 5 4 2 
10 12 14 4 2 
10 9 3 2 
10 9 3 1 2 
10 13 11 12 14 4 2 
10 9 3 
10 13 11 6 1 3 
10 5 4 2 3 
10 5 4 7 8 9 3 
10 12 14 4 2 3 
10 5 4 
10 12 14 4 
10 13 11 12 14 4 
10 9 8 7 4 
10 13 11 6 7 4 
10 5 
10 12 14 4 5 
10 13 11 12 14 4 5 
10 9 8 7 4 5 
10 13 11 6 7 4 5 
10 13 11 6 
10 5 4 7 6 
10 12 11 6 
10 9 8 7 6 
10 9 3 1 6 
10 5 4 7 
10 9 8 7 
10 13 11 6 7 
10 12 14 4 7 
10 13 11 12 14 4 7 
10 9 8 
10 5 4 7 8 
10 13 11 6 7 8 
10 12 14 4 7 8 
10 13 11 12 14 4 7 8 
10 9 
10 5 4 7 8 9 
10 13 11 6 7 8 9 
10 13 11 6 1 3 9 
10 5 4 2 3 9 
10 13 11 
10 12 11 
10 5 4 14 12 11 
10 5 4 7 6 11 
10 9 8 7 6 11 
10 12 
10 5 4 14 12 
10 13 11 12 
10 9 8 7 4 14 12 
10 13 11 6 7 4 14 12 
10 13 
10 12 11 13 
10 5 4 14 12 11 13 
10 5 4 7 6 11 13 
10 9 8 7 6 11 13 
10 12 14 
10 5 4 14 
10 13 11 12 14 
10 9 8 7 4 14 
10 13 11 6 7 4 14 
11 6 1 
11 13 10 9 3 1 
11 6 7 8 9 3 1 
11 12 14 4 2 1 
11 12 14 4 7 6 1 
11 12 14 4 2 
11 6 1 2 
11 13 10 5 4 2 
11 6 7 4 2 
11 6 1 3 2 
11 6 1 3 
11 13 10 9 3 
11 6 7 8 9 3 
11 12 14 4 2 3 
11 12 10 9 3 
11 12 14 4 
11 13 10 5 4 
11 6 7 4 
11 13 10 12 14 4 
11 12 10 5 4 
11 13 10 5 
11 12 14 4 5 
11 12 10 5 
11 6 7 4 5 
11 13 10 12 14 4 5 
11 6 
11 12 14 4 7 6 
11 13 10 5 4 7 6 
11 13 10 9 8 7 6 
11 13 10 9 3 1 6 
11 6 7 
11 12 14 4 7 
11 13 10 5 4 7 
11 13 10 9 8 7 
11 13 10 12 14 4 7 
11 6 7 8 
11 12 14 4 7 8 
11 13 10 9 8 
11 6 1 3 9 8 
11 13 10 5 4 7 8 
11 13 10 9 
11 6 7 8 9 
11 6 1 3 9 
11 12 10 9 
11 12 14 4 7 8 9 
11 13 10 
11 12 10 
11 12 14 4 5 10 
11 6 7 4 5 10 
11 6 7 8 9 10 
11 12 
11 13 10 12 
11 13 10 5 4 14 12 
11 6 7 4 14 12 
11 6 1 2 4 14 12 
11 13 
11 12 10 13 
11 12 14 4 5 10 13 
11 6 7 4 5 10 13 
11 6 7 8 9 10 13 
11 12 14 
11 13 10 12 14 
11 13 10 5 4 14 
11 6 7 4 14 
11 12 10 5 4 14 
12 14 4 2 1 
12 11 6 1 
12 14 4 7 6 1 
12 14 4 2 3 1 
12 10 9 3 1 
12 14 4 2 
12 10 5 4 2 
12 11 6 1 2 
12 10 9 3 2 
12 14 4 7 8 9 3 2 
12 14 4 2 3 
12 10 9 3 
12 14 4 7 8 9 3 
12 14 4 2 1 3 
12 14 4 5 10 9 3 
12 14 4 
12 10 5 4 
12 11 13 10 5 4 
12 11 6 7 4 
12 10 9 8 7 4 
12 14 4 5 
12 10 5 
12 11 13 10 5 
12 11 6 7 4 5 
12 14 4 7 8 9 10 5 
12 11 6 
12 14 4 7 6 
12 10 13 11 6 
12 14 4 5 10 13 11 6 
12 14 4 2 1 6 
12 14 4 7 
12 11 6 7 
12 10 5 4 7 
12 10 9 8 7 
12 10 13 11 6 7 
12 14 4 7 8 
12 11 6 7 8 
12 10 9 8 
12 14 4 5 10 9 8 
12 14 4 2 3 9 8 
12 10 9 
12 14 4 7 8 9 
12 14 4 5 10 9 
12 14 4 2 3 9 
12 11 13 10 9 
12 10 
12 14 4 5 10 
12 11 13 10 
12 14 4 7 8 9 10 
12 14 4 7 6 11 13 10 
12 11 
12 10 13 11 
12 14 4 5 10 13 11 
12 14 4 7 6 11 
12 14 4 2 1 6 11 
12 11 13 
12 10 13 
12 14 4 5 10 13 
12 14 4 7 6 11 13 
12 14 4 2 1 6 11 13 
12 14 
12 10 5 4 14 
12 11 13 10 5 4 14 
12 11 6 7 4 14 
12 10 9 8 7 4 14 
13 11 6 1 
13 10 9 3 1 
13 11 6 7 8 9 3 1 
13 11 12 14 4 2 1 
13 10 5 4 2 1 
13 11 12 14 4 2 
13 10 5 4 2 
13 11 6 1 2 
13 10 12 14 4 2 
13 10 9 3 2 
13 10 9 3 
13 11 6 1 3 
13 11 6 7 8 9 3 
13 11 12 14 4 2 3 
13 11 12 10 9 3 
13 11 12 14 4 
13 10 5 4 
13 10 12 14 4 
13 11 6 7 4 
13 11 12 10 5 4 
13 10 5 
13 11 12 14 4 5 
13 10 12 14 4 5 
13 11 12 10 5 
13 11 6 7 4 5 
13 11 6 
13 11 12 14 4 7 6 
13 10 5 4 7 6 
13 10 12 11 6 
13 10 9 8 7 6 
13 11 6 7 
13 11 12 14 4 7 
13 10 5 4 7 
13 10 9 8 7 
13 10 12 14 4 7 
13 11 6 7 8 
13 10 9 8 
13 11 12 14 4 7 8 
13 10 5 4 7 8 
13 11 6 1 3 9 8 
13 10 9 
13 11 6 7 8 9 
13 11 6 1 3 9 
13 11 12 10 9 
13 11 12 14 4 7 8 9 
13 10 
13 11 12 10 
13 11 12 14 4 5 10 
13 11 6 7 4 5 10 
13 11 6 7 8 9 10 
13 11 
13 10 12 11 
13 10 5 4 14 12 11 
13 10 5 4 7 6 11 
13 10 9 8 7 6 11 
13 11 12 
13 10 12 
13 10 5 4 14 12 
13 11 6 7 4 14 12 
13 11 6 1 2 4 14 12 
13 11 12 14 
13 10 12 14 
13 10 5 4 14 
13 11 6 7 4 14 
13 11 12 10 5 4 14 
14 4 2 1 
14 12 11 6 1 
14 4 7 6 1 
14 4 2 3 1 
14 12 10 9 3 1 
14 4 2 
14 12 10 5 4 2 
14 12 11 6 1 2 
14 12 10 9 3 2 
14 4 7 8 9 3 2 
14 4 2 3 
14 12 10 9 3 
14 4 7 8 9 3 
14 4 2 1 3 
14 4 5 10 9 3 
14 4 
14 12 10 5 4 
14 12 11 13 10 5 4 
14 12 11 6 7 4 
14 12 10 9 8 7 4 
14 4 5 
14 12 10 5 
14 12 11 13 10 5 
14 12 11 6 7 4 5 
14 4 7 8 9 10 5 
14 12 11 6 
14 4 7 6 
14 12 10 13 11 6 
14 4 5 10 13 11 6 
14 4 2 1 6 
14 4 7 
14 12 11 6 7 
14 12 10 5 4 7 
14 12 10 9 8 7 
14 12 10 13 11 6 7 
14 4 7 8 
14 12 11 6 7 8 
14 12 10 9 8 
14 4 5 10 9 8 
14 4 2 3 9 8 
14 12 10 9 
14 4 7 8 9 
14 4 5 10 9 
14 4 2 3 9 
14 12 11 13 10 9 
14 12 10 
14 4 5 10 
14 12 11 13 10 
14 4 7 8 9 10 
14 4 7 6 11 13 10 
14 12 11 
14 12 10 13 11 
14 4 5 10 13 11 
14 4 7 6 11 
14 4 5 10 12 11 
14 12 
14 4 5 10 12 
14 4 5 10 13 11 12 
14 4 7 6 11 12 
14 4 7 8 9 10 12 
14 12 11 13 
14 12 10 13 
14 4 5 10 13 
14 4 7 6 11 13 
14 4 5 10 12 11 13 
