1431655
DIST: 3 14 2147483647
0 0 0 0 0 0 0 0 0 0 0 0 0 0 
3
1431656
DIST: 7 14 2147483647
3 9 8 7 Cost: 1290
DIST: 9 14 2147483647
3 9 Cost: 237
0 0 0 0 0 0 1 0 0 0 0 0 0 0 
0 0 0 0 0 0 0 0 1 0 0 0 0 0 
7
1
DIST: 9 14 2147483647
DIST: 14 14 0
3 9 8 7 Cost: 1290
7 4 14 Cost: 1254
DIST: 4 14 333
DIST: 9 14 2147483647
0 0 0 0 0 0 1 0 0 0 0 0 0 1 
14
Segments for 3 to 14
3 9 8 7 Cost: 1290
7 4 14 Cost: 1254
:= 1
1431655
DIST: 7 12 2147483647
0 0 0 0 0 0 1 0 0 0 0 0 0 0 
7
1431656
DIST: 4 12 2147483647
7 4 Cost: 921
DIST: 9 12 2147483647
7 8 9 Cost: 1053
0 0 0 1 0 0 1 0 0 0 0 0 0 0 
0 0 0 0 0 0 1 0 1 0 0 0 0 0 
4
1
DIST: 9 12 2147483647
DIST: 12 12 0
7 4 Cost: 921
4 14 12 Cost: 1061
DIST: 7 12 2147483647
DIST: 12 12 0
7 4 Cost: 921
4 14 12 Cost: 1061
0 0 0 1 0 0 1 0 0 0 0 1 0 0 
0 0 0 1 0 0 1 0 0 0 0 1 0 0 
12
Segments for 7 to 12
7 4 Cost: 921
4 14 12 Cost: 1061
:= 2
1431655
DIST: 2 13 2147483647
0 0 0 1 0 0 1 0 0 0 0 0 0 0 
2
1431656
DIST: 4 13 2147483647
2 4 Cost: 958
DIST: 9 13 2147483647
2 3 9 Cost: 1330
0 0 0 2 0 0 1 0 0 0 0 0 0 0 
0 0 0 1 0 0 1 0 1 0 0 0 0 0 
9
1431656
DIST: 4 13 2147483647
2 4 Cost: 958
DIST: 7 13 2147483647
0 0 0 2 0 0 1 0 0 0 0 0 0 0 
4
1431657
DIST: 7 13 2147483647
2 3 9 Cost: 1330
9 8 7 Cost: 1053
DIST: 7 13 2147483647
2 4 Cost: 958
4 7 Cost: 921
DIST: 12 13 2147483647
2 4 Cost: 958
4 14 12 Cost: 1061
0 0 0 1 0 0 2 0 1 0 0 0 0 0 
0 0 0 2 0 0 2 0 0 0 0 0 0 0 
0 0 0 2 0 0 1 0 0 0 0 1 0 0 
7
2
DIST: 7 13 2147483647
DIST: 12 13 2147483647
DIST: 13 13 0
2 3 9 Cost: 1330
9 8 7 Cost: 1053
7 6 11 13 Cost: 1495
DIST: 4 13 2147483647
DIST: 9 13 2147483647
0 0 0 1 0 0 2 0 1 0 0 0 1 0 
13
Segments for 2 to 13
2 3 9 Cost: 1330
9 8 7 Cost: 1053
7 6 11 13 Cost: 1495
:= 4
1431655
DIST: 6 9 2147483647
0 0 0 1 0 0 2 0 1 0 0 0 0 0 
6
1431656
DIST: 4 9 2147483647
6 7 4 Cost: 1493
DIST: 7 9 2147483647
6 7 Cost: 572
0 0 0 2 0 0 2 0 1 0 0 0 0 0 
0 0 0 1 0 0 3 0 1 0 0 0 0 0 
4
1431656
DIST: 7 9 2147483647
6 7 Cost: 572
DIST: 7 9 2147483647
DIST: 12 9 2147483647
0 0 0 1 0 0 3 0 1 0 0 0 0 0 
7
1
DIST: 7 9 2147483647
DIST: 12 9 2147483647
DIST: 9 9 0
6 7 Cost: 572
7 8 9 Cost: 1053
DIST: 4 9 2147483647
DIST: 9 9 0
6 7 Cost: 572
7 8 9 Cost: 1053
0 0 0 1 0 0 3 0 2 0 0 0 0 0 
0 0 0 1 0 0 3 0 2 0 0 0 0 0 
9
Segments for 6 to 9
6 7 Cost: 572
7 8 9 Cost: 1053
:= 5
0
DIST: 5 10 664
0 0 0 1 0 0 3 0 1 0 0 0 0 0 
5
0
DIST: 10 10 0
5 10 Cost: 664
0 0 0 1 0 0 3 0 1 1 0 0 0 0 
10
Segments for 5 to 10
5 10 Cost: 664
:= 5
1431655
DIST: 2 10 2147483647
0 0 0 1 0 0 3 0 1 0 0 0 0 0 
2
1
DIST: 4 10 2147483647
DIST: 9 10 1142
2 3 9 Cost: 1330
0 0 0 1 0 0 3 0 2 0 0 0 0 0 
9
1
DIST: 9 10 1142
2 3 9 Cost: 1330
DIST: 10 10 0
2 3 9 Cost: 1330
9 10 Cost: 1142
0 0 0 1 0 0 3 0 2 0 0 0 0 0 
0 0 0 1 0 0 3 0 2 1 0 0 0 0 
10
Segments for 2 to 10
2 3 9 Cost: 1330
9 10 Cost: 1142
:= 6
1431655
DIST: 5 11 2147483647
0 0 0 1 0 0 3 0 2 0 0 0 0 0 
5
1
DIST: 4 11 2147483647
DIST: 7 11 2147483647
DIST: 12 11 860
5 4 14 12 Cost: 1463
0 0 0 1 0 0 3 0 2 0 0 1 0 0 
12
1
DIST: 7 11 2147483647
DIST: 12 11 860
5 4 14 12 Cost: 1463
DIST: 11 11 0
5 4 14 12 Cost: 1463
12 11 Cost: 860
0 0 0 1 0 0 3 0 2 0 0 1 0 0 
0 0 0 1 0 0 3 0 2 0 1 1 0 0 
11
Segments for 5 to 11
5 4 14 12 Cost: 1463
12 11 Cost: 860
:= 7
1431655
DIST: 5 12 2147483647
0 0 0 1 0 0 3 0 2 0 0 1 0 0 
5
0
DIST: 12 12 0
5 4 14 12 Cost: 1463
DIST: 4 12 2147483647
DIST: 7 12 2147483647
DIST: 12 12 0
5 4 14 12 Cost: 1463
0 0 0 1 0 0 3 0 2 0 0 2 0 0 
0 0 0 1 0 0 3 0 2 0 0 2 0 0 
12
Segments for 5 to 12
5 4 14 12 Cost: 1463
:= 7
1431655
DIST: 4 8 2147483647
0 0 0 1 0 0 3 0 2 0 0 1 0 0 
4
0
DIST: 8 8 0
4 7 8 Cost: 1358
DIST: 7 8 437
DIST: 12 8 2147483647
0 0 0 1 0 0 3 1 2 0 0 1 0 0 
8
Segments for 4 to 8
4 7 8 Cost: 1358
:= 7
1431655
DIST: 7 9 2147483647
0 0 0 1 0 0 3 0 2 0 0 1 0 0 
7
0
DIST: 9 9 0
7 8 9 Cost: 1053
DIST: 4 9 2147483647
DIST: 9 9 0
7 8 9 Cost: 1053
0 0 0 1 0 0 3 0 3 0 0 1 0 0 
0 0 0 1 0 0 3 0 3 0 0 1 0 0 
9
Segments for 7 to 9
7 8 9 Cost: 1053
:= 7
1431655
DIST: 5 7 2147483647
0 0 0 1 0 0 3 0 2 0 0 1 0 0 
5
0
DIST: 7 7 0
5 4 7 Cost: 1323
DIST: 4 7 921
DIST: 7 7 0
5 4 7 Cost: 1323
DIST: 12 7 2147483647
0 0 0 1 0 0 4 0 2 0 0 1 0 0 
0 0 0 1 0 0 4 0 2 0 0 1 0 0 
7
Segments for 5 to 7
5 4 7 Cost: 1323
:= 7
1431655
DIST: 13 14 2147483647
0 0 0 1 0 0 3 0 2 0 0 1 0 0 
13
1
DIST: 7 14 2147483647
DIST: 12 14 728
13 11 12 Cost: 1029
0 0 0 1 0 0 3 0 2 0 0 2 0 0 
12
1
DIST: 12 14 728
13 11 12 Cost: 1029
DIST: 14 14 0
13 11 12 Cost: 1029
12 14 Cost: 728
0 0 0 1 0 0 3 0 2 0 0 2 0 0 
0 0 0 1 0 0 3 0 2 0 0 2 0 1 
14
Segments for 13 to 14
13 11 12 Cost: 1029
12 14 Cost: 728
:= 8
0
DIST: 9 10 1142
0 0 0 1 0 0 3 0 2 0 0 2 0 0 
9
0
DIST: 10 10 0
9 10 Cost: 1142
0 0 0 1 0 0 3 0 2 1 0 2 0 0 
10
Segments for 9 to 10
9 10 Cost: 1142
:= 8
1431655
DIST: 2 6 2147483647
0 0 0 1 0 0 3 0 2 0 0 2 0 0 
2
1431656
DIST: 4 6 2147483647
2 4 Cost: 958
DIST: 9 6 2147483647
2 3 9 Cost: 1330
0 0 0 2 0 0 3 0 2 0 0 2 0 0 
0 0 0 1 0 0 3 0 3 0 0 2 0 0 
4
1
DIST: 9 6 2147483647
DIST: 6 6 0
2 4 Cost: 958
4 7 6 Cost: 1493
DIST: 7 6 572
DIST: 12 6 2147483647
0 0 0 2 0 1 3 0 2 0 0 2 0 0 
6
Segments for 2 to 6
2 4 Cost: 958
4 7 6 Cost: 1493
:= 9
1431655
DIST: 4 9 2147483647
0 0 0 2 0 0 3 0 2 0 0 2 0 0 
4
1431656
DIST: 7 9 2147483647
4 7 Cost: 921
DIST: 12 9 2147483647
4 14 12 Cost: 1061
0 0 0 2 0 0 4 0 2 0 0 2 0 0 
0 0 0 2 0 0 3 0 2 0 0 3 0 0 
12
1431656
DIST: 7 9 2147483647
4 7 Cost: 921
DIST: 4 9 2147483647
0 0 0 2 0 0 4 0 2 0 0 2 0 0 
7
1
DIST: 4 9 2147483647
DIST: 9 9 0
4 7 Cost: 921
7 8 9 Cost: 1053
DIST: 4 9 2147483647
DIST: 9 9 0
4 7 Cost: 921
7 8 9 Cost: 1053
0 0 0 2 0 0 4 0 3 0 0 2 0 0 
0 0 0 2 0 0 4 0 3 0 0 2 0 0 
9
Segments for 4 to 9
4 7 Cost: 921
7 8 9 Cost: 1053
:= 10
1431655
DIST: 7 9 2147483647
0 0 0 2 0 0 4 0 2 0 0 2 0 0 
7
0
DIST: 9 9 0
7 8 9 Cost: 1053
DIST: 4 9 2147483647
DIST: 9 9 0
7 8 9 Cost: 1053
0 0 0 2 0 0 4 0 3 0 0 2 0 0 
0 0 0 2 0 0 4 0 3 0 0 2 0 0 
9
Segments for 7 to 9
7 8 9 Cost: 1053
:= 10
1431655
DIST: 7 14 2147483647
0 0 0 2 0 0 4 0 2 0 0 2 0 0 
7
0
DIST: 14 14 0
7 4 14 Cost: 1254
DIST: 4 14 333
DIST: 9 14 2147483647
0 0 0 2 0 0 4 0 2 0 0 2 0 1 
14
Segments for 7 to 14
7 4 14 Cost: 1254
:= 10
1431655
DIST: 4 11 2147483647
0 0 0 2 0 0 4 0 2 0 0 2 0 0 
4
1
DIST: 7 11 2147483647
DIST: 12 11 860
4 14 12 Cost: 1061
0 0 0 2 0 0 4 0 2 0 0 3 0 0 
12
1
DIST: 12 11 860
4 14 12 Cost: 1061
DIST: 11 11 0
4 14 12 Cost: 1061
12 11 Cost: 860
0 0 0 2 0 0 4 0 2 0 0 3 0 0 
0 0 0 2 0 0 4 0 2 0 1 3 0 0 
11
Segments for 4 to 11
4 14 12 Cost: 1061
12 11 Cost: 860
:= 11
1431655
DIST: 7 11 2147483647
0 0 0 2 0 0 4 0 2 0 0 3 0 0 
7
0
DIST: 11 11 0
7 6 11 Cost: 1326
DIST: 4 11 2147483647
DIST: 9 11 2147483647
0 0 0 2 0 0 4 0 2 0 1 3 0 0 
11
Segments for 7 to 11
7 6 11 Cost: 1326
:= 11
1431655
DIST: 6 13 2147483647
0 0 0 2 0 0 4 0 2 0 0 3 0 0 
6
0
DIST: 13 13 0
6 11 13 Cost: 923
DIST: 4 13 2147483647
DIST: 7 13 2147483647
0 0 0 2 0 0 4 0 2 0 0 3 1 0 
13
Segments for 6 to 13
6 11 13 Cost: 923
:= 11
0
DIST: 4 5 402
0 0 0 2 0 0 4 0 2 0 0 3 0 0 
4
0
DIST: 5 5 0
4 5 Cost: 402
0 0 0 2 1 0 4 0 2 0 0 3 0 0 
5
Segments for 4 to 5
4 5 Cost: 402
:= 11
1431655
DIST: 12 13 2147483647
0 0 0 2 0 0 4 0 2 0 0 3 0 0 
12
0
DIST: 13 13 0
12 11 13 Cost: 1029
DIST: 4 13 2147483647
0 0 0 2 0 0 4 0 2 0 0 3 1 0 
13
Segments for 12 to 13
12 11 13 Cost: 1029
:= 11
1431655
DIST: 1 14 2147483647
0 0 0 2 0 0 4 0 2 0 0 3 0 0 
1
1431656
DIST: 9 14 2147483647
1 3 9 Cost: 710
0 0 0 2 0 0 4 0 3 0 0 3 0 0 
9
1431657
DIST: 7 14 2147483647
1 3 9 Cost: 710
9 8 7 Cost: 1053
0 0 0 2 0 0 5 0 3 0 0 3 0 0 
7
2
DIST: 14 14 0
1 3 9 Cost: 710
9 8 7 Cost: 1053
7 4 14 Cost: 1254
DIST: 4 14 333
DIST: 9 14 2147483647
0 0 0 2 0 0 5 0 3 0 0 3 0 1 
14
Segments for 1 to 14
1 3 9 Cost: 710
9 8 7 Cost: 1053
7 4 14 Cost: 1254
:= 13
1431655
DIST: 1 7 2147483647
0 0 0 2 0 0 5 0 3 0 0 3 0 0 
1
1431656
DIST: 9 7 2147483647
1 3 9 Cost: 710
0 0 0 2 0 0 5 0 4 0 0 3 0 0 
9
1
DIST: 7 7 0
1 3 9 Cost: 710
9 8 7 Cost: 1053
DIST: 7 7 0
1 3 9 Cost: 710
9 8 7 Cost: 1053
0 0 0 2 0 0 6 0 4 0 0 3 0 0 
0 0 0 2 0 0 6 0 4 0 0 3 0 0 
7
Segments for 1 to 7
1 3 9 Cost: 710
9 8 7 Cost: 1053
:= 14
1431655
DIST: 2 9 2147483647
0 0 0 2 0 0 5 0 4 0 0 3 0 0 
2
0
DIST: 9 9 0
2 3 9 Cost: 1330
DIST: 4 9 2147483647
DIST: 9 9 0
2 3 9 Cost: 1330
0 0 0 2 0 0 5 0 5 0 0 3 0 0 
0 0 0 2 0 0 5 0 5 0 0 3 0 0 
9
Segments for 2 to 9
2 3 9 Cost: 1330
:= 14
1431655
DIST: 5 13 2147483647
0 0 0 2 0 0 5 0 4 0 0 3 0 0 
5
0
DIST: 13 13 0
5 10 13 Cost: 1426
DIST: 4 13 2147483647
DIST: 7 13 2147483647
DIST: 12 13 2147483647
0 0 0 2 0 0 5 0 4 0 0 3 1 0 
13
Segments for 5 to 13
5 10 13 Cost: 1426
:= 14
1431655
DIST: 3 14 2147483647
0 0 0 2 0 0 5 0 4 0 0 3 0 0 
3
1431656
DIST: 7 14 2147483647
3 9 8 7 Cost: 1290
DIST: 9 14 2147483647
3 9 Cost: 237
0 0 0 2 0 0 6 0 4 0 0 3 0 0 
0 0 0 2 0 0 5 0 5 0 0 3 0 0 
9
1431656
DIST: 7 14 2147483647
3 9 8 7 Cost: 1290
DIST: 7 14 2147483647
0 0 0 2 0 0 6 0 4 0 0 3 0 0 
7
1
DIST: 7 14 2147483647
DIST: 14 14 0
3 9 8 7 Cost: 1290
7 4 14 Cost: 1254
DIST: 4 14 333
DIST: 9 14 2147483647
0 0 0 2 0 0 6 0 4 0 0 3 0 1 
14
Segments for 3 to 14
3 9 8 7 Cost: 1290
7 4 14 Cost: 1254
:= 15
1431655
DIST: 12 13 2147483647
0 0 0 2 0 0 6 0 4 0 0 3 0 0 
12
0
DIST: 13 13 0
12 11 13 Cost: 1029
DIST: 4 13 2147483647
0 0 0 2 0 0 6 0 4 0 0 3 1 0 
13
Segments for 12 to 13
12 11 13 Cost: 1029
:= 15
1431655
DIST: 3 8 2147483647
0 0 0 2 0 0 6 0 4 0 0 3 0 0 
3
0
DIST: 8 8 0
3 9 8 Cost: 853
DIST: 7 8 437
DIST: 9 8 616
0 0 0 2 0 0 6 1 4 0 0 3 0 0 
8
Segments for 3 to 8
3 9 8 Cost: 853
:= 15
1431655
DIST: 5 11 2147483647
0 0 0 2 0 0 6 0 4 0 0 3 0 0 
5
1
DIST: 4 11 2147483647
DIST: 7 11 2147483647
DIST: 12 11 860
5 4 14 12 Cost: 1463
0 0 0 2 0 0 6 0 4 0 0 4 0 0 
12
1
DIST: 7 11 2147483647
DIST: 12 11 860
5 4 14 12 Cost: 1463
DIST: 11 11 0
5 4 14 12 Cost: 1463
12 11 Cost: 860
0 0 0 2 0 0 6 0 4 0 0 4 0 0 
0 0 0 2 0 0 6 0 4 0 1 4 0 0 
11
Segments for 5 to 11
5 4 14 12 Cost: 1463
12 11 Cost: 860
:= 16
1431655
DIST: 7 10 2147483647
0 0 0 2 0 0 6 0 4 0 0 4 0 0 
7
1
DIST: 4 10 2147483647
DIST: 9 10 1142
7 8 9 Cost: 1053
0 0 0 2 0 0 6 0 5 0 0 4 0 0 
9
1
DIST: 9 10 1142
7 8 9 Cost: 1053
DIST: 10 10 0
7 8 9 Cost: 1053
9 10 Cost: 1142
0 0 0 2 0 0 6 0 5 0 0 4 0 0 
0 0 0 2 0 0 6 0 5 1 0 4 0 0 
10
Segments for 7 to 10
7 8 9 Cost: 1053
9 10 Cost: 1142
:= 17
1431655
DIST: 6 13 2147483647
0 0 0 2 0 0 6 0 5 0 0 4 0 0 
6
0
DIST: 13 13 0
6 11 13 Cost: 923
DIST: 4 13 2147483647
DIST: 7 13 2147483647
0 0 0 2 0 0 6 0 5 0 0 4 1 0 
13
Segments for 6 to 13
6 11 13 Cost: 923
:= 17
0
DIST: 10 13 762
0 0 0 2 0 0 6 0 5 0 0 4 0 0 
10
0
DIST: 13 13 0
10 13 Cost: 762
0 0 0 2 0 0 6 0 5 0 0 4 1 0 
13
Segments for 10 to 13
10 13 Cost: 762
:= 17
1431655
DIST: 4 11 2147483647
0 0 0 2 0 0 6 0 5 0 0 4 0 0 
4
1
DIST: 7 11 2147483647
DIST: 12 11 860
4 14 12 Cost: 1061
0 0 0 2 0 0 6 0 5 0 0 5 0 0 
12
1
DIST: 12 11 860
4 14 12 Cost: 1061
DIST: 11 11 0
4 14 12 Cost: 1061
12 11 Cost: 860
0 0 0 2 0 0 6 0 5 0 0 5 0 0 
0 0 0 2 0 0 6 0 5 0 1 5 0 0 
11
Segments for 4 to 11
4 14 12 Cost: 1061
12 11 Cost: 860
:= 18
1431655
DIST: 5 9 2147483647
0 0 0 2 0 0 6 0 5 0 0 5 0 0 
5
1431656
DIST: 4 9 2147483647
5 4 Cost: 402
DIST: 7 9 2147483647
5 4 7 Cost: 1323
DIST: 12 9 2147483647
5 4 14 12 Cost: 1463
0 0 0 3 0 0 6 0 5 0 0 5 0 0 
0 0 0 2 0 0 7 0 5 0 0 5 0 0 
0 0 0 2 0 0 6 0 5 0 0 6 0 0 
4
1431656
DIST: 7 9 2147483647
5 4 7 Cost: 1323
DIST: 12 9 2147483647
5 4 14 12 Cost: 1463
DIST: 7 9 2147483647
DIST: 12 9 2147483647
0 0 0 2 0 0 7 0 5 0 0 5 0 0 
0 0 0 2 0 0 6 0 5 0 0 6 0 0 
12
1431656
DIST: 7 9 2147483647
5 4 7 Cost: 1323
DIST: 7 9 2147483647
DIST: 12 9 2147483647
DIST: 4 9 2147483647
0 0 0 2 0 0 7 0 5 0 0 5 0 0 
7
1
DIST: 7 9 2147483647
DIST: 12 9 2147483647
DIST: 4 9 2147483647
DIST: 9 9 0
5 4 7 Cost: 1323
7 8 9 Cost: 1053
DIST: 4 9 2147483647
DIST: 9 9 0
5 4 7 Cost: 1323
7 8 9 Cost: 1053
0 0 0 2 0 0 7 0 6 0 0 5 0 0 
0 0 0 2 0 0 7 0 6 0 0 5 0 0 
9
Segments for 5 to 9
5 4 7 Cost: 1323
7 8 9 Cost: 1053
:= 19
1431655
DIST: 2 10 2147483647
0 0 0 2 0 0 7 0 5 0 0 5 0 0 
2
1
DIST: 4 10 2147483647
DIST: 9 10 1142
2 3 9 Cost: 1330
0 0 0 2 0 0 7 0 6 0 0 5 0 0 
9
1
DIST: 9 10 1142
2 3 9 Cost: 1330
DIST: 10 10 0
2 3 9 Cost: 1330
9 10 Cost: 1142
0 0 0 2 0 0 7 0 6 0 0 5 0 0 
0 0 0 2 0 0 7 0 6 1 0 5 0 0 
10
Segments for 2 to 10
2 3 9 Cost: 1330
9 10 Cost: 1142
:= 20
1431655
DIST: 6 13 2147483647
0 0 0 2 0 0 7 0 6 0 0 5 0 0 
6
0
DIST: 13 13 0
6 11 13 Cost: 923
DIST: 4 13 2147483647
DIST: 7 13 2147483647
0 0 0 2 0 0 7 0 6 0 0 5 1 0 
13
Segments for 6 to 13
6 11 13 Cost: 923
:= 20
1431655
DIST: 4 12 2147483647
0 0 0 2 0 0 7 0 6 0 0 5 0 0 
4
0
DIST: 12 12 0
4 14 12 Cost: 1061
DIST: 7 12 2147483647
DIST: 12 12 0
4 14 12 Cost: 1061
0 0 0 2 0 0 7 0 6 0 0 6 0 0 
0 0 0 2 0 0 7 0 6 0 0 6 0 0 
12
Segments for 4 to 12
4 14 12 Cost: 1061
:= 20
1431655
DIST: 3 13 2147483647
0 0 0 2 0 0 7 0 6 0 0 5 0 0 
3
1431656
DIST: 7 13 2147483647
3 9 8 7 Cost: 1290
DIST: 9 13 2147483647
3 9 Cost: 237
0 0 0 2 0 0 8 0 6 0 0 5 0 0 
0 0 0 2 0 0 7 0 7 0 0 5 0 0 
9
1431656
DIST: 7 13 2147483647
3 9 8 7 Cost: 1290
DIST: 7 13 2147483647
0 0 0 2 0 0 8 0 6 0 0 5 0 0 
7
1
DIST: 7 13 2147483647
DIST: 13 13 0
3 9 8 7 Cost: 1290
7 6 11 13 Cost: 1495
DIST: 4 13 2147483647
DIST: 9 13 2147483647
0 0 0 2 0 0 8 0 6 0 0 5 1 0 
13
Segments for 3 to 13
3 9 8 7 Cost: 1290
7 6 11 13 Cost: 1495
:= 21
0
DIST: 5 10 664
0 0 0 2 0 0 8 0 6 0 0 5 0 0 
5
0
DIST: 10 10 0
5 10 Cost: 664
0 0 0 2 0 0 8 0 6 1 0 5 0 0 
10
Segments for 5 to 10
5 10 Cost: 664
:= 21
1431655
DIST: 8 14 2147483647
0 0 0 2 0 0 8 0 6 0 0 5 0 0 
8
1
DIST: 4 14 333
8 7 4 Cost: 1358
DIST: 7 14 2147483647
DIST: 9 14 2147483647
0 0 0 3 0 0 8 0 6 0 0 5 0 0 
4
1
DIST: 7 14 2147483647
DIST: 9 14 2147483647
DIST: 14 14 0
8 7 4 Cost: 1358
4 14 Cost: 333
0 0 0 3 0 0 8 0 6 0 0 5 0 1 
14
Segments for 8 to 14
8 7 4 Cost: 1358
4 14 Cost: 333
:= 22
1431655
DIST: 9 12 2147483647
0 0 0 3 0 0 8 0 6 0 0 5 0 0 
9
1431656
DIST: 7 12 2147483647
9 8 7 Cost: 1053
0 0 0 3 0 0 9 0 6 0 0 5 0 0 
7
1431657
DIST: 4 12 2147483647
9 8 7 Cost: 1053
7 4 Cost: 921
DIST: 9 12 2147483647
9 8 7 Cost: 1053
7 8 9 Cost: 1053
0 0 0 4 0 0 9 0 6 0 0 5 0 0 
0 0 0 3 0 0 9 0 7 0 0 5 0 0 
4
2
DIST: 9 12 2147483647
DIST: 12 12 0
9 8 7 Cost: 1053
7 4 Cost: 921
4 14 12 Cost: 1061
DIST: 7 12 2147483647
DIST: 12 12 0
9 8 7 Cost: 1053
7 4 Cost: 921
4 14 12 Cost: 1061
0 0 0 4 0 0 9 0 6 0 0 6 0 0 
0 0 0 4 0 0 9 0 6 0 0 6 0 0 
12
Segments for 9 to 12
9 8 7 Cost: 1053
7 4 Cost: 921
4 14 12 Cost: 1061
:= 24
1431655
DIST: 6 13 2147483647
0 0 0 4 0 0 9 0 6 0 0 5 0 0 
6
0
DIST: 13 13 0
6 11 13 Cost: 923
DIST: 4 13 2147483647
DIST: 7 13 2147483647
0 0 0 4 0 0 9 0 6 0 0 5 1 0 
13
Segments for 6 to 13
6 11 13 Cost: 923
:= 24
1431655
DIST: 5 12 2147483647
0 0 0 4 0 0 9 0 6 0 0 5 0 0 
5
0
DIST: 12 12 0
5 4 14 12 Cost: 1463
DIST: 4 12 2147483647
DIST: 7 12 2147483647
DIST: 12 12 0
5 4 14 12 Cost: 1463
0 0 0 4 0 0 9 0 6 0 0 6 0 0 
0 0 0 4 0 0 9 0 6 0 0 6 0 0 
12
Segments for 5 to 12
5 4 14 12 Cost: 1463
:= 24
0
DIST: 10 13 762
0 0 0 4 0 0 9 0 6 0 0 5 0 0 
10
0
DIST: 13 13 0
10 13 Cost: 762
0 0 0 4 0 0 9 0 6 0 0 5 1 0 
13
Segments for 10 to 13
10 13 Cost: 762
:= 24
1431655
DIST: 3 7 2147483647
0 0 0 4 0 0 9 0 6 0 0 5 0 0 
3
0
DIST: 7 7 0
3 9 8 7 Cost: 1290
DIST: 7 7 0
3 9 8 7 Cost: 1290
DIST: 9 7 2147483647
0 0 0 4 0 0 10 0 6 0 0 5 0 0 
0 0 0 4 0 0 10 0 6 0 0 5 0 0 
7
Segments for 3 to 7
3 9 8 7 Cost: 1290
:= 24
1431655
DIST: 13 14 2147483647
0 0 0 4 0 0 9 0 6 0 0 5 0 0 
13
1
DIST: 7 14 2147483647
DIST: 12 14 728
13 11 12 Cost: 1029
0 0 0 4 0 0 9 0 6 0 0 6 0 0 
12
1
DIST: 12 14 728
13 11 12 Cost: 1029
DIST: 14 14 0
13 11 12 Cost: 1029
12 14 Cost: 728
0 0 0 4 0 0 9 0 6 0 0 6 0 0 
0 0 0 4 0 0 9 0 6 0 0 6 0 1 
14
Segments for 13 to 14
13 11 12 Cost: 1029
12 14 Cost: 728
:= 25
1431655
DIST: 4 9 2147483647
0 0 0 4 0 0 9 0 6 0 0 6 0 0 
4
1431656
DIST: 7 9 2147483647
4 7 Cost: 921
DIST: 12 9 2147483647
4 14 12 Cost: 1061
0 0 0 4 0 0 10 0 6 0 0 6 0 0 
0 0 0 4 0 0 9 0 6 0 0 7 0 0 
12
1431656
DIST: 7 9 2147483647
4 7 Cost: 921
DIST: 4 9 2147483647
0 0 0 4 0 0 10 0 6 0 0 6 0 0 
7
1
DIST: 4 9 2147483647
DIST: 9 9 0
4 7 Cost: 921
7 8 9 Cost: 1053
DIST: 4 9 2147483647
DIST: 9 9 0
4 7 Cost: 921
7 8 9 Cost: 1053
0 0 0 4 0 0 10 0 7 0 0 6 0 0 
0 0 0 4 0 0 10 0 7 0 0 6 0 0 
9
Segments for 4 to 9
4 7 Cost: 921
7 8 9 Cost: 1053
:= 26
0
DIST: 4 7 921
0 0 0 4 0 0 10 0 6 0 0 6 0 0 
4
0
DIST: 7 7 0
4 7 Cost: 921
0 0 0 4 0 0 11 0 6 0 0 6 0 0 
7
Segments for 4 to 7
4 7 Cost: 921
:= 26
1431655
DIST: 3 6 2147483647
0 0 0 4 0 0 10 0 6 0 0 6 0 0 
3
0
DIST: 6 6 0
3 1 6 Cost: 1412
DIST: 7 6 572
DIST: 9 6 2147483647
0 0 0 4 0 1 10 0 6 0 0 6 0 0 
6
Segments for 3 to 6
3 1 6 Cost: 1412
:= 26
1431655
DIST: 2 10 2147483647
0 0 0 4 0 0 10 0 6 0 0 6 0 0 
2
1
DIST: 4 10 2147483647
DIST: 9 10 1142
2 3 9 Cost: 1330
0 0 0 4 0 0 10 0 7 0 0 6 0 0 
9
1
DIST: 9 10 1142
2 3 9 Cost: 1330
DIST: 10 10 0
2 3 9 Cost: 1330
9 10 Cost: 1142
0 0 0 4 0 0 10 0 7 0 0 6 0 0 
0 0 0 4 0 0 10 0 7 1 0 6 0 0 
10
Segments for 2 to 10
2 3 9 Cost: 1330
9 10 Cost: 1142
:= 27
1431655
DIST: 4 11 2147483647
0 0 0 4 0 0 10 0 7 0 0 6 0 0 
4
1
DIST: 7 11 2147483647
DIST: 12 11 860
4 14 12 Cost: 1061
0 0 0 4 0 0 10 0 7 0 0 7 0 0 
12
1
DIST: 12 11 860
4 14 12 Cost: 1061
DIST: 11 11 0
4 14 12 Cost: 1061
12 11 Cost: 860
0 0 0 4 0 0 10 0 7 0 0 7 0 0 
0 0 0 4 0 0 10 0 7 0 1 7 0 0 
11
Segments for 4 to 11
4 14 12 Cost: 1061
12 11 Cost: 860
:= 28
1431655
DIST: 5 9 2147483647
0 0 0 4 0 0 10 0 7 0 0 7 0 0 
5
1431656
DIST: 4 9 2147483647
5 4 Cost: 402
DIST: 7 9 2147483647
5 4 7 Cost: 1323
DIST: 12 9 2147483647
5 4 14 12 Cost: 1463
0 0 0 5 0 0 10 0 7 0 0 7 0 0 
0 0 0 4 0 0 11 0 7 0 0 7 0 0 
0 0 0 4 0 0 10 0 7 0 0 8 0 0 
4
1431656
DIST: 7 9 2147483647
5 4 7 Cost: 1323
DIST: 12 9 2147483647
5 4 14 12 Cost: 1463
DIST: 7 9 2147483647
DIST: 12 9 2147483647
0 0 0 4 0 0 11 0 7 0 0 7 0 0 
0 0 0 4 0 0 10 0 7 0 0 8 0 0 
12
1431656
DIST: 7 9 2147483647
5 4 7 Cost: 1323
DIST: 7 9 2147483647
DIST: 12 9 2147483647
DIST: 4 9 2147483647
0 0 0 4 0 0 11 0 7 0 0 7 0 0 
7
1
DIST: 7 9 2147483647
DIST: 12 9 2147483647
DIST: 4 9 2147483647
DIST: 9 9 0
5 4 7 Cost: 1323
7 8 9 Cost: 1053
DIST: 4 9 2147483647
DIST: 9 9 0
5 4 7 Cost: 1323
7 8 9 Cost: 1053
0 0 0 4 0 0 11 0 8 0 0 7 0 0 
0 0 0 4 0 0 11 0 8 0 0 7 0 0 
9
Segments for 5 to 9
5 4 7 Cost: 1323
7 8 9 Cost: 1053
:= 29
1431655
DIST: 6 13 2147483647
0 0 0 4 0 0 11 0 7 0 0 7 0 0 
6
0
DIST: 13 13 0
6 11 13 Cost: 923
DIST: 4 13 2147483647
DIST: 7 13 2147483647
0 0 0 4 0 0 11 0 7 0 0 7 1 0 
13
Segments for 6 to 13
6 11 13 Cost: 923
:= 29
1431655
DIST: 4 12 2147483647
0 0 0 4 0 0 11 0 7 0 0 7 0 0 
4
0
DIST: 12 12 0
4 14 12 Cost: 1061
DIST: 7 12 2147483647
DIST: 12 12 0
4 14 12 Cost: 1061
0 0 0 4 0 0 11 0 7 0 0 8 0 0 
0 0 0 4 0 0 11 0 7 0 0 8 0 0 
12
Segments for 4 to 12
4 14 12 Cost: 1061
:= 29
1431655
DIST: 5 12 2147483647
0 0 0 4 0 0 11 0 7 0 0 7 0 0 
5
0
DIST: 12 12 0
5 4 14 12 Cost: 1463
DIST: 4 12 2147483647
DIST: 7 12 2147483647
DIST: 12 12 0
5 4 14 12 Cost: 1463
0 0 0 4 0 0 11 0 7 0 0 8 0 0 
0 0 0 4 0 0 11 0 7 0 0 8 0 0 
12
Segments for 5 to 12
5 4 14 12 Cost: 1463
:= 29
1431655
DIST: 2 13 2147483647
0 0 0 4 0 0 11 0 7 0 0 7 0 0 
2
1431656
DIST: 4 13 2147483647
2 4 Cost: 958
DIST: 9 13 2147483647
2 3 9 Cost: 1330
0 0 0 5 0 0 11 0 7 0 0 7 0 0 
0 0 0 4 0 0 11 0 8 0 0 7 0 0 
4
1431656
DIST: 9 13 2147483647
2 3 9 Cost: 1330
DIST: 7 13 2147483647
DIST: 12 13 2147483647
0 0 0 4 0 0 11 0 8 0 0 7 0 0 
9
1431657
DIST: 7 13 2147483647
2 4 Cost: 958
4 7 Cost: 921
DIST: 12 13 2147483647
2 4 Cost: 958
4 14 12 Cost: 1061
DIST: 7 13 2147483647
2 3 9 Cost: 1330
9 8 7 Cost: 1053
0 0 0 5 0 0 12 0 7 0 0 7 0 0 
0 0 0 5 0 0 11 0 7 0 0 8 0 0 
0 0 0 4 0 0 12 0 8 0 0 7 0 0 
12
2
DIST: 7 13 2147483647
DIST: 7 13 2147483647
DIST: 13 13 0
2 4 Cost: 958
4 14 12 Cost: 1061
12 11 13 Cost: 1029
DIST: 4 13 2147483647
0 0 0 5 0 0 11 0 7 0 0 8 1 0 
13
Segments for 2 to 13
2 4 Cost: 958
4 14 12 Cost: 1061
12 11 13 Cost: 1029
:= 31
1431655
DIST: 5 11 2147483647
0 0 0 5 0 0 11 0 7 0 0 8 0 0 
5
1
DIST: 4 11 2147483647
DIST: 7 11 2147483647
DIST: 12 11 860
5 4 14 12 Cost: 1463
0 0 0 5 0 0 11 0 7 0 0 9 0 0 
12
1
DIST: 7 11 2147483647
DIST: 12 11 860
5 4 14 12 Cost: 1463
DIST: 11 11 0
5 4 14 12 Cost: 1463
12 11 Cost: 860
0 0 0 5 0 0 11 0 7 0 0 9 0 0 
0 0 0 5 0 0 11 0 7 0 1 9 0 0 
11
Segments for 5 to 11
5 4 14 12 Cost: 1463
12 11 Cost: 860
:= 32
1431655
DIST: 4 8 2147483647
0 0 0 5 0 0 11 0 7 0 0 9 0 0 
4
0
DIST: 8 8 0
4 7 8 Cost: 1358
DIST: 7 8 437
DIST: 12 8 2147483647
0 0 0 5 0 0 11 1 7 0 0 9 0 0 
8
Segments for 4 to 8
4 7 8 Cost: 1358
:= 32
1431655
DIST: 7 9 2147483647
0 0 0 5 0 0 11 0 7 0 0 9 0 0 
7
0
DIST: 9 9 0
7 8 9 Cost: 1053
DIST: 4 9 2147483647
DIST: 9 9 0
7 8 9 Cost: 1053
0 0 0 5 0 0 11 0 8 0 0 9 0 0 
0 0 0 5 0 0 11 0 8 0 0 9 0 0 
9
Segments for 7 to 9
7 8 9 Cost: 1053
:= 32
1431655
DIST: 5 7 2147483647
0 0 0 5 0 0 11 0 7 0 0 9 0 0 
5
0
DIST: 7 7 0
5 4 7 Cost: 1323
DIST: 4 7 921
DIST: 7 7 0
5 4 7 Cost: 1323
DIST: 12 7 2147483647
0 0 0 5 0 0 12 0 7 0 0 9 0 0 
0 0 0 5 0 0 12 0 7 0 0 9 0 0 
7
Segments for 5 to 7
5 4 7 Cost: 1323
:= 32
1431655
DIST: 13 14 2147483647
0 0 0 5 0 0 11 0 7 0 0 9 0 0 
13
1
DIST: 7 14 2147483647
DIST: 12 14 728
13 11 12 Cost: 1029
0 0 0 5 0 0 11 0 7 0 0 10 0 0 
12
1
DIST: 12 14 728
13 11 12 Cost: 1029
DIST: 14 14 0
13 11 12 Cost: 1029
12 14 Cost: 728
0 0 0 5 0 0 11 0 7 0 0 10 0 0 
0 0 0 5 0 0 11 0 7 0 0 10 0 1 
14
Segments for 13 to 14
13 11 12 Cost: 1029
12 14 Cost: 728
:= 33
0
DIST: 9 10 1142
0 0 0 5 0 0 11 0 7 0 0 10 0 0 
9
0
DIST: 10 10 0
9 10 Cost: 1142
0 0 0 5 0 0 11 0 7 1 0 10 0 0 
10
Segments for 9 to 10
9 10 Cost: 1142
:= 33
1431655
DIST: 2 9 2147483647
0 0 0 5 0 0 11 0 7 0 0 10 0 0 
2
0
DIST: 9 9 0
2 3 9 Cost: 1330
DIST: 4 9 2147483647
DIST: 9 9 0
2 3 9 Cost: 1330
0 0 0 5 0 0 11 0 8 0 0 10 0 0 
0 0 0 5 0 0 11 0 8 0 0 10 0 0 
9
Segments for 2 to 9
2 3 9 Cost: 1330
:= 33
1431655
DIST: 2 12 2147483647
0 0 0 5 0 0 11 0 7 0 0 10 0 0 
2
1431656
DIST: 4 12 2147483647
2 4 Cost: 958
DIST: 9 12 2147483647
2 3 9 Cost: 1330
0 0 0 6 0 0 11 0 7 0 0 10 0 0 
0 0 0 5 0 0 11 0 8 0 0 10 0 0 
4
1
DIST: 9 12 2147483647
DIST: 12 12 0
2 4 Cost: 958
4 14 12 Cost: 1061
DIST: 7 12 2147483647
DIST: 12 12 0
2 4 Cost: 958
4 14 12 Cost: 1061
0 0 0 6 0 0 11 0 7 0 0 11 0 0 
0 0 0 6 0 0 11 0 7 0 0 11 0 0 
12
Segments for 2 to 12
2 4 Cost: 958
4 14 12 Cost: 1061
:= 34
1431655
DIST: 2 6 2147483647
0 0 0 6 0 0 11 0 7 0 0 10 0 0 
2
1431656
DIST: 4 6 2147483647
2 4 Cost: 958
DIST: 9 6 2147483647
2 3 9 Cost: 1330
0 0 0 7 0 0 11 0 7 0 0 10 0 0 
0 0 0 6 0 0 11 0 8 0 0 10 0 0 
4
1
DIST: 9 6 2147483647
DIST: 6 6 0
2 4 Cost: 958
4 7 6 Cost: 1493
DIST: 7 6 572
DIST: 12 6 2147483647
0 0 0 7 0 1 11 0 7 0 0 10 0 0 
6
Segments for 2 to 6
2 4 Cost: 958
4 7 6 Cost: 1493
:= 35
1431655
DIST: 3 14 2147483647
0 0 0 7 0 0 11 0 7 0 0 10 0 0 
3
1431656
DIST: 7 14 2147483647
3 9 8 7 Cost: 1290
DIST: 9 14 2147483647
3 9 Cost: 237
0 0 0 7 0 0 12 0 7 0 0 10 0 0 
0 0 0 7 0 0 11 0 8 0 0 10 0 0 
9
1431656
DIST: 7 14 2147483647
3 9 8 7 Cost: 1290
DIST: 7 14 2147483647
0 0 0 7 0 0 12 0 7 0 0 10 0 0 
7
1
DIST: 7 14 2147483647
DIST: 14 14 0
3 9 8 7 Cost: 1290
7 4 14 Cost: 1254
DIST: 4 14 333
DIST: 9 14 2147483647
0 0 0 7 0 0 12 0 7 0 0 10 0 1 
14
Segments for 3 to 14
3 9 8 7 Cost: 1290
7 4 14 Cost: 1254
:= 36
1431655
DIST: 7 12 2147483647
0 0 0 7 0 0 12 0 7 0 0 10 0 0 
7
1431656
DIST: 4 12 2147483647
7 4 Cost: 921
DIST: 9 12 2147483647
7 8 9 Cost: 1053
0 0 0 8 0 0 12 0 7 0 0 10 0 0 
0 0 0 7 0 0 12 0 8 0 0 10 0 0 
4
1
DIST: 9 12 2147483647
DIST: 12 12 0
7 4 Cost: 921
4 14 12 Cost: 1061
DIST: 7 12 2147483647
DIST: 12 12 0
7 4 Cost: 921
4 14 12 Cost: 1061
0 0 0 8 0 0 12 0 7 0 0 11 0 0 
0 0 0 8 0 0 12 0 7 0 0 11 0 0 
12
Segments for 7 to 12
7 4 Cost: 921
4 14 12 Cost: 1061
:= 37
1431655
DIST: 4 9 2147483647
0 0 0 8 0 0 12 0 7 0 0 10 0 0 
4
1431656
DIST: 7 9 2147483647
4 7 Cost: 921
DIST: 12 9 2147483647
4 14 12 Cost: 1061
0 0 0 8 0 0 13 0 7 0 0 10 0 0 
0 0 0 8 0 0 12 0 7 0 0 11 0 0 
12
1431656
DIST: 7 9 2147483647
4 7 Cost: 921
DIST: 4 9 2147483647
0 0 0 8 0 0 13 0 7 0 0 10 0 0 
7
1
DIST: 4 9 2147483647
DIST: 9 9 0
4 7 Cost: 921
7 8 9 Cost: 1053
DIST: 4 9 2147483647
DIST: 9 9 0
4 7 Cost: 921
7 8 9 Cost: 1053
0 0 0 8 0 0 13 0 8 0 0 10 0 0 
0 0 0 8 0 0 13 0 8 0 0 10 0 0 
9
Segments for 4 to 9
4 7 Cost: 921
7 8 9 Cost: 1053
:= 38
1431655
DIST: 7 9 2147483647
0 0 0 8 0 0 13 0 7 0 0 10 0 0 
7
0
DIST: 9 9 0
7 8 9 Cost: 1053
DIST: 4 9 2147483647
DIST: 9 9 0
7 8 9 Cost: 1053
0 0 0 8 0 0 13 0 8 0 0 10 0 0 
0 0 0 8 0 0 13 0 8 0 0 10 0 0 
9
Segments for 7 to 9
7 8 9 Cost: 1053
:= 38
1431655
DIST: 7 14 2147483647
0 0 0 8 0 0 13 0 7 0 0 10 0 0 
7
0
DIST: 14 14 0
7 4 14 Cost: 1254
DIST: 4 14 333
DIST: 9 14 2147483647
0 0 0 8 0 0 13 0 7 0 0 10 0 1 
14
Segments for 7 to 14
7 4 14 Cost: 1254
:= 38
1431655
DIST: 4 11 2147483647
0 0 0 8 0 0 13 0 7 0 0 10 0 0 
4
1
DIST: 7 11 2147483647
DIST: 12 11 860
4 14 12 Cost: 1061
0 0 0 8 0 0 13 0 7 0 0 11 0 0 
12
1
DIST: 12 11 860
4 14 12 Cost: 1061
DIST: 11 11 0
4 14 12 Cost: 1061
12 11 Cost: 860
0 0 0 8 0 0 13 0 7 0 0 11 0 0 
0 0 0 8 0 0 13 0 7 0 1 11 0 0 
11
Segments for 4 to 11
4 14 12 Cost: 1061
12 11 Cost: 860
:= 39
1431655
DIST: 7 11 2147483647
0 0 0 8 0 0 13 0 7 0 0 11 0 0 
7
0
DIST: 11 11 0
7 6 11 Cost: 1326
DIST: 4 11 2147483647
DIST: 9 11 2147483647
0 0 0 8 0 0 13 0 7 0 1 11 0 0 
11
Segments for 7 to 11
7 6 11 Cost: 1326
:= 39
1431655
DIST: 6 13 2147483647
0 0 0 8 0 0 13 0 7 0 0 11 0 0 
6
0
DIST: 13 13 0
6 11 13 Cost: 923
DIST: 4 13 2147483647
DIST: 7 13 2147483647
0 0 0 8 0 0 13 0 7 0 0 11 1 0 
13
Segments for 6 to 13
6 11 13 Cost: 923
:= 39
0
DIST: 4 5 402
0 0 0 8 0 0 13 0 7 0 0 11 0 0 
4
0
DIST: 5 5 0
4 5 Cost: 402
0 0 0 8 1 0 13 0 7 0 0 11 0 0 
5
Segments for 4 to 5
4 5 Cost: 402
:= 39
1431655
DIST: 12 13 2147483647
0 0 0 8 0 0 13 0 7 0 0 11 0 0 
12
0
DIST: 13 13 0
12 11 13 Cost: 1029
DIST: 4 13 2147483647
0 0 0 8 0 0 13 0 7 0 0 11 1 0 
13
Segments for 12 to 13
12 11 13 Cost: 1029
:= 39
1431655
DIST: 1 14 2147483647
0 0 0 8 0 0 13 0 7 0 0 11 0 0 
1
1431656
DIST: 9 14 2147483647
1 3 9 Cost: 710
0 0 0 8 0 0 13 0 8 0 0 11 0 0 
9
1431657
DIST: 7 14 2147483647
1 3 9 Cost: 710
9 8 7 Cost: 1053
0 0 0 8 0 0 14 0 8 0 0 11 0 0 
7
2
DIST: 14 14 0
1 3 9 Cost: 710
9 8 7 Cost: 1053
7 4 14 Cost: 1254
DIST: 4 14 333
DIST: 9 14 2147483647
0 0 0 8 0 0 14 0 8 0 0 11 0 1 
14
Segments for 1 to 14
1 3 9 Cost: 710
9 8 7 Cost: 1053
7 4 14 Cost: 1254
:= 41
1431655
DIST: 1 7 2147483647
0 0 0 8 0 0 14 0 8 0 0 11 0 0 
1
1431656
DIST: 9 7 2147483647
1 3 9 Cost: 710
0 0 0 8 0 0 14 0 9 0 0 11 0 0 
9
1
DIST: 7 7 0
1 3 9 Cost: 710
9 8 7 Cost: 1053
DIST: 7 7 0
1 3 9 Cost: 710
9 8 7 Cost: 1053
0 0 0 8 0 0 15 0 9 0 0 11 0 0 
0 0 0 8 0 0 15 0 9 0 0 11 0 0 
7
Segments for 1 to 7
1 3 9 Cost: 710
9 8 7 Cost: 1053
:= 42
1431655
DIST: 2 9 2147483647
0 0 0 8 0 0 14 0 9 0 0 11 0 0 
2
0
DIST: 9 9 0
2 3 9 Cost: 1330
DIST: 4 9 2147483647
DIST: 9 9 0
2 3 9 Cost: 1330
0 0 0 8 0 0 14 0 10 0 0 11 0 0 
0 0 0 8 0 0 14 0 10 0 0 11 0 0 
9
Segments for 2 to 9
2 3 9 Cost: 1330
:= 42
1431655
DIST: 5 13 2147483647
0 0 0 8 0 0 14 0 9 0 0 11 0 0 
5
0
DIST: 13 13 0
5 10 13 Cost: 1426
DIST: 4 13 2147483647
DIST: 7 13 2147483647
DIST: 12 13 2147483647
0 0 0 8 0 0 14 0 9 0 0 11 1 0 
13
Segments for 5 to 13
5 10 13 Cost: 1426
:= 42
1431655
DIST: 3 14 2147483647
0 0 0 8 0 0 14 0 9 0 0 11 0 0 
3
1431656
DIST: 7 14 2147483647
3 9 8 7 Cost: 1290
DIST: 9 14 2147483647
3 9 Cost: 237
0 0 0 8 0 0 15 0 9 0 0 11 0 0 
0 0 0 8 0 0 14 0 10 0 0 11 0 0 
9
1431656
DIST: 7 14 2147483647
3 9 8 7 Cost: 1290
DIST: 7 14 2147483647
0 0 0 8 0 0 15 0 9 0 0 11 0 0 
7
1
DIST: 7 14 2147483647
DIST: 14 14 0
3 9 8 7 Cost: 1290
7 4 14 Cost: 1254
DIST: 4 14 333
DIST: 9 14 2147483647
0 0 0 8 0 0 15 0 9 0 0 11 0 1 
14
Segments for 3 to 14
3 9 8 7 Cost: 1290
7 4 14 Cost: 1254
:= 43
1431655
DIST: 12 13 2147483647
0 0 0 8 0 0 15 0 9 0 0 11 0 0 
12
0
DIST: 13 13 0
12 11 13 Cost: 1029
DIST: 4 13 2147483647
0 0 0 8 0 0 15 0 9 0 0 11 1 0 
13
Segments for 12 to 13
12 11 13 Cost: 1029
:= 43
1431655
DIST: 3 8 2147483647
0 0 0 8 0 0 15 0 9 0 0 11 0 0 
3
0
DIST: 8 8 0
3 9 8 Cost: 853
DIST: 7 8 437
DIST: 9 8 616
0 0 0 8 0 0 15 1 9 0 0 11 0 0 
8
Segments for 3 to 8
3 9 8 Cost: 853
:= 43
1431655
DIST: 5 11 2147483647
0 0 0 8 0 0 15 0 9 0 0 11 0 0 
5
1
DIST: 4 11 2147483647
DIST: 7 11 2147483647
DIST: 12 11 860
5 4 14 12 Cost: 1463
0 0 0 8 0 0 15 0 9 0 0 12 0 0 
12
1
DIST: 7 11 2147483647
DIST: 12 11 860
5 4 14 12 Cost: 1463
DIST: 11 11 0
5 4 14 12 Cost: 1463
12 11 Cost: 860
0 0 0 8 0 0 15 0 9 0 0 12 0 0 
0 0 0 8 0 0 15 0 9 0 1 12 0 0 
11
Segments for 5 to 11
5 4 14 12 Cost: 1463
12 11 Cost: 860
:= 44
1431655
DIST: 7 10 2147483647
0 0 0 8 0 0 15 0 9 0 0 12 0 0 
7
1
DIST: 4 10 2147483647
DIST: 9 10 1142
7 8 9 Cost: 1053
0 0 0 8 0 0 15 0 10 0 0 12 0 0 
9
1
DIST: 9 10 1142
7 8 9 Cost: 1053
DIST: 10 10 0
7 8 9 Cost: 1053
9 10 Cost: 1142
0 0 0 8 0 0 15 0 10 0 0 12 0 0 
0 0 0 8 0 0 15 0 10 1 0 12 0 0 
10
Segments for 7 to 10
7 8 9 Cost: 1053
9 10 Cost: 1142
:= 45
1431655
DIST: 6 13 2147483647
0 0 0 8 0 0 15 0 10 0 0 12 0 0 
6
0
DIST: 13 13 0
6 11 13 Cost: 923
DIST: 4 13 2147483647
DIST: 7 13 2147483647
0 0 0 8 0 0 15 0 10 0 0 12 1 0 
13
Segments for 6 to 13
6 11 13 Cost: 923
:= 45
0
DIST: 10 13 762
0 0 0 8 0 0 15 0 10 0 0 12 0 0 
10
0
DIST: 13 13 0
10 13 Cost: 762
0 0 0 8 0 0 15 0 10 0 0 12 1 0 
13
Segments for 10 to 13
10 13 Cost: 762
:= 45
1431655
DIST: 3 13 2147483647
0 0 0 8 0 0 15 0 10 0 0 12 0 0 
3
1431656
DIST: 7 13 2147483647
3 9 8 7 Cost: 1290
DIST: 9 13 2147483647
3 9 Cost: 237
0 0 0 8 0 0 16 0 10 0 0 12 0 0 
0 0 0 8 0 0 15 0 11 0 0 12 0 0 
9
1431656
DIST: 7 13 2147483647
3 9 8 7 Cost: 1290
DIST: 7 13 2147483647
0 0 0 8 0 0 16 0 10 0 0 12 0 0 
7
1
DIST: 7 13 2147483647
DIST: 13 13 0
3 9 8 7 Cost: 1290
7 6 11 13 Cost: 1495
DIST: 4 13 2147483647
DIST: 9 13 2147483647
0 0 0 8 0 0 16 0 10 0 0 12 1 0 
13
Segments for 3 to 13
3 9 8 7 Cost: 1290
7 6 11 13 Cost: 1495
:= 46
0
DIST: 5 10 664
0 0 0 8 0 0 16 0 10 0 0 12 0 0 
5
0
DIST: 10 10 0
5 10 Cost: 664
0 0 0 8 0 0 16 0 10 1 0 12 0 0 
10
Segments for 5 to 10
5 10 Cost: 664
:= 46
1431655
DIST: 8 14 2147483647
0 0 0 8 0 0 16 0 10 0 0 12 0 0 
8
1
DIST: 4 14 333
8 7 4 Cost: 1358
DIST: 7 14 2147483647
DIST: 9 14 2147483647
0 0 0 9 0 0 16 0 10 0 0 12 0 0 
4
1
DIST: 7 14 2147483647
DIST: 9 14 2147483647
DIST: 14 14 0
8 7 4 Cost: 1358
4 14 Cost: 333
0 0 0 9 0 0 16 0 10 0 0 12 0 1 
14
Segments for 8 to 14
8 7 4 Cost: 1358
4 14 Cost: 333
:= 47
1431655
DIST: 9 12 2147483647
0 0 0 9 0 0 16 0 10 0 0 12 0 0 
9
1431656
DIST: 7 12 2147483647
9 8 7 Cost: 1053
0 0 0 9 0 0 17 0 10 0 0 12 0 0 
7
1431657
DIST: 4 12 2147483647
9 8 7 Cost: 1053
7 4 Cost: 921
DIST: 9 12 2147483647
9 8 7 Cost: 1053
7 8 9 Cost: 1053
0 0 0 10 0 0 17 0 10 0 0 12 0 0 
0 0 0 9 0 0 17 0 11 0 0 12 0 0 
4
2
DIST: 9 12 2147483647
DIST: 12 12 0
9 8 7 Cost: 1053
7 4 Cost: 921
4 14 12 Cost: 1061
DIST: 7 12 2147483647
DIST: 12 12 0
9 8 7 Cost: 1053
7 4 Cost: 921
4 14 12 Cost: 1061
0 0 0 10 0 0 17 0 10 0 0 13 0 0 
0 0 0 10 0 0 17 0 10 0 0 13 0 0 
12
Segments for 9 to 12
9 8 7 Cost: 1053
7 4 Cost: 921
4 14 12 Cost: 1061
:= 49
1431655
DIST: 6 13 2147483647
0 0 0 10 0 0 17 0 10 0 0 12 0 0 
6
0
DIST: 13 13 0
6 11 13 Cost: 923
DIST: 4 13 2147483647
DIST: 7 13 2147483647
0 0 0 10 0 0 17 0 10 0 0 12 1 0 
13
Segments for 6 to 13
6 11 13 Cost: 923
:= 49
1431655
DIST: 5 12 2147483647
0 0 0 10 0 0 17 0 10 0 0 12 0 0 
5
0
DIST: 12 12 0
5 4 14 12 Cost: 1463
DIST: 4 12 2147483647
DIST: 7 12 2147483647
DIST: 12 12 0
5 4 14 12 Cost: 1463
0 0 0 10 0 0 17 0 10 0 0 13 0 0 
0 0 0 10 0 0 17 0 10 0 0 13 0 0 
12
Segments for 5 to 12
5 4 14 12 Cost: 1463
:= 49
0
DIST: 10 13 762
0 0 0 10 0 0 17 0 10 0 0 12 0 0 
10
0
DIST: 13 13 0
10 13 Cost: 762
0 0 0 10 0 0 17 0 10 0 0 12 1 0 
13
Segments for 10 to 13
10 13 Cost: 762
:= 49
1431655
DIST: 3 7 2147483647
0 0 0 10 0 0 17 0 10 0 0 12 0 0 
3
0
DIST: 7 7 0
3 9 8 7 Cost: 1290
DIST: 7 7 0
3 9 8 7 Cost: 1290
DIST: 9 7 2147483647
0 0 0 10 0 0 18 0 10 0 0 12 0 0 
0 0 0 10 0 0 18 0 10 0 0 12 0 0 
7
Segments for 3 to 7
3 9 8 7 Cost: 1290
:= 49
1431655
DIST: 13 14 2147483647
0 0 0 10 0 0 17 0 10 0 0 12 0 0 
13
1
DIST: 7 14 2147483647
DIST: 12 14 728
13 11 12 Cost: 1029
0 0 0 10 0 0 17 0 10 0 0 13 0 0 
12
1
DIST: 12 14 728
13 11 12 Cost: 1029
DIST: 14 14 0
13 11 12 Cost: 1029
12 14 Cost: 728
0 0 0 10 0 0 17 0 10 0 0 13 0 0 
0 0 0 10 0 0 17 0 10 0 0 13 0 1 
14
Segments for 13 to 14
13 11 12 Cost: 1029
12 14 Cost: 728
:= 50
1431655
DIST: 2 13 2147483647
0 0 0 10 0 0 17 0 10 0 0 13 0 0 
2
1431656
DIST: 4 13 2147483647
2 4 Cost: 958
DIST: 9 13 2147483647
2 3 9 Cost: 1330
0 0 0 11 0 0 17 0 10 0 0 13 0 0 
0 0 0 10 0 0 17 0 11 0 0 13 0 0 
4
1431656
DIST: 9 13 2147483647
2 3 9 Cost: 1330
DIST: 7 13 2147483647
DIST: 12 13 2147483647
0 0 0 10 0 0 17 0 11 0 0 13 0 0 
9
1431657
DIST: 7 13 2147483647
2 4 Cost: 958
4 7 Cost: 921
DIST: 12 13 2147483647
2 4 Cost: 958
4 14 12 Cost: 1061
DIST: 7 13 2147483647
2 3 9 Cost: 1330
9 8 7 Cost: 1053
0 0 0 11 0 0 18 0 10 0 0 13 0 0 
0 0 0 11 0 0 17 0 10 0 0 14 0 0 
0 0 0 10 0 0 18 0 11 0 0 13 0 0 
12
2
DIST: 7 13 2147483647
DIST: 7 13 2147483647
DIST: 13 13 0
2 4 Cost: 958
4 14 12 Cost: 1061
12 11 13 Cost: 1029
DIST: 4 13 2147483647
0 0 0 11 0 0 17 0 10 0 0 14 1 0 
13
Segments for 2 to 13
2 4 Cost: 958
4 14 12 Cost: 1061
12 11 13 Cost: 1029
:= 52
1431655
DIST: 6 9 2147483647
0 0 0 11 0 0 17 0 10 0 0 14 0 0 
6
1431656
DIST: 4 9 2147483647
6 7 4 Cost: 1493
DIST: 7 9 2147483647
6 7 Cost: 572
0 0 0 12 0 0 17 0 10 0 0 14 0 0 
0 0 0 11 0 0 18 0 10 0 0 14 0 0 
4
1431656
DIST: 7 9 2147483647
6 7 Cost: 572
DIST: 7 9 2147483647
DIST: 12 9 2147483647
0 0 0 11 0 0 18 0 10 0 0 14 0 0 
7
1
DIST: 7 9 2147483647
DIST: 12 9 2147483647
DIST: 9 9 0
6 7 Cost: 572
7 8 9 Cost: 1053
DIST: 4 9 2147483647
DIST: 9 9 0
6 7 Cost: 572
7 8 9 Cost: 1053
0 0 0 11 0 0 18 0 11 0 0 14 0 0 
0 0 0 11 0 0 18 0 11 0 0 14 0 0 
9
Segments for 6 to 9
6 7 Cost: 572
7 8 9 Cost: 1053
:= 53
1431655
DIST: 4 9 2147483647
0 0 0 11 0 0 18 0 10 0 0 14 0 0 
4
1431656
DIST: 7 9 2147483647
4 7 Cost: 921
DIST: 12 9 2147483647
4 14 12 Cost: 1061
0 0 0 11 0 0 19 0 10 0 0 14 0 0 
0 0 0 11 0 0 18 0 10 0 0 15 0 0 
12
1431656
DIST: 7 9 2147483647
4 7 Cost: 921
DIST: 4 9 2147483647
0 0 0 11 0 0 19 0 10 0 0 14 0 0 
7
1
DIST: 4 9 2147483647
DIST: 9 9 0
4 7 Cost: 921
7 8 9 Cost: 1053
DIST: 4 9 2147483647
DIST: 9 9 0
4 7 Cost: 921
7 8 9 Cost: 1053
0 0 0 11 0 0 19 0 11 0 0 14 0 0 
0 0 0 11 0 0 19 0 11 0 0 14 0 0 
9
Segments for 4 to 9
4 7 Cost: 921
7 8 9 Cost: 1053
:= 54
1431655
DIST: 4 11 2147483647
0 0 0 11 0 0 19 0 10 0 0 14 0 0 
4
1
DIST: 7 11 2147483647
DIST: 12 11 860
4 14 12 Cost: 1061
0 0 0 11 0 0 19 0 10 0 0 15 0 0 
12
1
DIST: 12 11 860
4 14 12 Cost: 1061
DIST: 11 11 0
4 14 12 Cost: 1061
12 11 Cost: 860
0 0 0 11 0 0 19 0 10 0 0 15 0 0 
0 0 0 11 0 0 19 0 10 0 1 15 0 0 
11
Segments for 4 to 11
4 14 12 Cost: 1061
12 11 Cost: 860
:= 55
0 0 0 11 0 0 19 0 10 0 0 15 0 0 
TOTAL : 55
Avg:0.55
