0 0 0 0 0 0 0 0 0 0 0 0 0 0 
0 0 0 0 0 0 1 0 0 0 0 0 0 0 
0 0 0 0 0 0 0 0 1 0 0 0 0 0 
0 0 0 0 0 0 0 0 1 0 0 0 0 0 
0 0 0 0 0 0 1 0 0 0 0 0 0 1 
0 0 0 1 0 0 1 0 0 0 0 0 0 0 
0 0 0 0 0 0 1 0 1 0 0 0 0 0 
Segments for 3 to 14
3 9 8 7 Cost: 1290
7 4 14 Cost: 1254
Reg: 0 0 0 0 0 0 1 0 0 0 0 0 0 0 := 1
0 0 0 0 0 0 1 0 0 0 0 0 0 0 
0 0 0 1 0 0 1 0 0 0 0 0 0 0 
0 0 0 0 0 0 1 0 1 0 0 0 0 0 
0 0 0 0 0 0 1 0 1 0 0 0 0 0 
0 0 0 1 0 0 1 0 0 0 0 1 0 0 
0 0 0 1 0 0 2 0 0 0 0 0 0 0 
0 0 0 1 0 0 1 0 0 0 0 1 0 0 
Segments for 7 to 12
7 4 Cost: 921
4 14 12 Cost: 1061
Reg: 0 0 0 1 0 0 1 0 0 0 0 0 0 0 := 2
0 0 0 1 0 0 1 0 0 0 0 0 0 0 
0 0 0 2 0 0 1 0 0 0 0 0 0 0 
0 0 0 1 0 0 1 0 1 0 0 0 0 0 
0 0 0 2 0 0 1 0 0 0 0 0 0 0 
0 0 0 1 0 0 2 0 1 0 0 0 0 0 
0 0 0 2 0 0 1 0 0 0 0 0 0 0 
0 0 0 1 0 0 2 0 1 0 0 0 1 0 
0 0 0 2 0 0 2 0 1 0 0 0 0 0 
0 0 0 1 0 0 2 0 2 0 0 0 0 0 
Segments for 2 to 13
2 3 9 Cost: 1330
9 8 7 Cost: 1053
7 6 11 13 Cost: 1495
Reg: 0 0 0 1 0 0 2 0 1 0 0 0 0 0 := 4
0 0 0 1 0 0 2 0 1 0 0 0 0 0 
0 0 0 2 0 0 2 0 1 0 0 0 0 0 
0 0 0 1 0 0 3 0 1 0 0 0 0 0 
0 0 0 1 0 0 3 0 1 0 0 0 0 0 
0 0 0 2 0 0 3 0 1 0 0 0 0 0 
0 0 0 2 0 0 2 0 1 0 0 1 0 0 
0 0 0 1 0 0 3 0 1 0 0 0 0 0 
0 0 0 2 0 0 3 0 1 0 0 0 0 0 
0 0 0 3 0 0 2 0 1 0 0 1 0 0 
Assigned
Assigned
0 0 0 1 0 0 3 0 1 0 0 0 0 0 
0 0 0 2 0 0 3 0 1 0 0 0 0 0 
0 0 0 3 0 0 3 0 1 0 0 1 0 0 
0 0 0 3 0 0 2 0 1 0 0 2 0 0 
Assigned
0 0 0 1 0 0 3 0 1 0 0 0 0 0 
0 0 0 2 0 0 3 0 1 0 0 0 0 0 
0 0 0 3 0 0 2 0 1 0 0 2 0 0 
0 0 0 3 0 0 3 0 2 0 0 1 0 0 
0 0 0 4 0 0 3 0 1 0 0 1 0 0 
0 0 0 3 0 0 3 0 2 0 0 1 0 0 
Segments for 6 to 9
6 7 4 Cost: 1493
4 14 12 Cost: 1061
12 14 4 Cost: 1061
4 7 Cost: 921
7 8 9 Cost: 1053
Reg: 0 0 0 3 0 0 3 0 1 0 0 1 0 0 := 8
0 0 0 3 0 0 3 0 1 0 0 1 0 0 
0 0 0 3 0 0 3 0 1 1 0 1 0 0 
Segments for 5 to 10
5 10 Cost: 664
Reg: 0 0 0 3 0 0 3 0 1 0 0 1 0 0 := 8
0 0 0 3 0 0 3 0 1 0 0 1 0 0 
0 0 0 4 0 0 3 0 1 0 0 1 0 0 
0 0 0 3 0 0 3 0 2 0 0 1 0 0 
0 0 0 4 0 0 3 0 1 0 0 1 0 0 
0 0 0 3 0 0 3 0 2 1 0 1 0 0 
Segments for 2 to 10
2 3 9 Cost: 1330
9 10 Cost: 1142
Reg: 0 0 0 3 0 0 3 0 2 0 0 1 0 0 := 9
0 0 0 3 0 0 3 0 2 0 0 1 0 0 
0 0 0 4 0 0 3 0 2 0 0 1 0 0 
0 0 0 3 0 0 4 0 2 0 0 1 0 0 
0 0 0 3 0 0 3 0 2 0 0 2 0 0 
0 0 0 4 0 0 3 0 2 0 0 1 0 0 
0 0 0 3 0 0 4 0 2 0 0 1 0 0 
0 0 0 3 0 0 3 0 2 0 1 2 0 0 
Segments for 5 to 11
5 4 14 12 Cost: 1463
12 11 Cost: 860
Reg: 0 0 0 3 0 0 3 0 2 0 0 2 0 0 := 10
0 0 0 3 0 0 3 0 2 0 0 2 0 0 
0 0 0 3 0 0 3 0 2 0 0 3 0 0 
0 0 0 4 0 0 3 0 2 0 0 2 0 0 
0 0 0 3 0 0 4 0 2 0 0 2 0 0 
0 0 0 3 0 0 3 0 2 0 0 3 0 0 
Segments for 5 to 12
5 4 14 12 Cost: 1463
Reg: 0 0 0 3 0 0 3 0 2 0 0 2 0 0 := 10
0 0 0 3 0 0 3 0 2 0 0 2 0 0 
0 0 0 3 0 0 3 1 2 0 0 2 0 0 
0 0 0 3 0 0 4 0 2 0 0 2 0 0 
0 0 0 3 0 0 3 0 2 0 0 3 0 0 
Segments for 4 to 8
4 7 8 Cost: 1358
Reg: 0 0 0 3 0 0 3 0 2 0 0 2 0 0 := 10
0 0 0 3 0 0 3 0 2 0 0 2 0 0 
0 0 0 3 0 0 3 0 3 0 0 2 0 0 
0 0 0 4 0 0 3 0 2 0 0 2 0 0 
0 0 0 3 0 0 3 0 3 0 0 2 0 0 
Segments for 7 to 9
7 8 9 Cost: 1053
Reg: 0 0 0 3 0 0 3 0 2 0 0 2 0 0 := 10
0 0 0 3 0 0 3 0 2 0 0 2 0 0 
0 0 0 3 0 0 4 0 2 0 0 2 0 0 
0 0 0 4 0 0 3 0 2 0 0 2 0 0 
0 0 0 3 0 0 4 0 2 0 0 2 0 0 
0 0 0 3 0 0 3 0 2 0 0 3 0 0 
0 0 0 3 0 0 4 0 2 0 0 2 0 0 
0 0 0 4 0 0 3 0 2 0 0 2 0 0 
0 0 0 3 0 0 4 0 2 0 0 2 0 0 
0 0 0 4 0 0 3 0 2 0 0 3 0 0 
0 0 0 3 0 0 4 0 2 0 0 2 0 0 
0 0 0 4 0 0 3 0 2 0 0 2 0 0 
0 0 0 3 0 0 4 0 2 0 0 2 0 0 
0 0 0 4 0 0 4 0 2 0 0 3 0 0 
Segments for 5 to 7
5 4 14 12 Cost: 1463
12 14 4 Cost: 1061
4 7 Cost: 921
Reg: 0 0 0 4 0 0 3 0 2 0 0 3 0 0 := 12
0 0 0 4 0 0 3 0 2 0 0 3 0 0 
0 0 0 4 0 0 4 0 2 0 0 3 0 0 
0 0 0 4 0 0 3 0 2 0 0 4 0 0 
0 0 0 4 0 0 3 0 2 0 0 4 0 0 
0 0 0 4 0 0 4 0 2 0 0 3 0 1 
0 0 0 5 0 0 4 0 2 0 0 3 0 0 
0 0 0 4 0 0 4 0 3 0 0 3 0 0 
Segments for 13 to 14
13 11 6 7 Cost: 1495
7 4 14 Cost: 1254
Reg: 0 0 0 4 0 0 4 0 2 0 0 3 0 0 := 13
0 0 0 4 0 0 4 0 2 0 0 3 0 0 
0 0 0 4 0 0 4 0 2 1 0 3 0 0 
Segments for 9 to 10
9 10 Cost: 1142
Reg: 0 0 0 4 0 0 4 0 2 0 0 3 0 0 := 13
0 0 0 4 0 0 4 0 2 0 0 3 0 0 
0 0 0 5 0 0 4 0 2 0 0 3 0 0 
0 0 0 4 0 0 4 0 3 0 0 3 0 0 
0 0 0 5 0 0 4 0 2 0 0 3 0 0 
0 0 0 4 0 0 5 0 3 0 0 3 0 0 
0 0 0 5 0 0 4 0 2 0 0 3 0 0 
0 0 0 4 0 1 5 0 3 0 0 3 0 0 
Segments for 2 to 6
2 3 9 Cost: 1330
9 8 7 Cost: 1053
7 6 Cost: 572
Reg: 0 0 0 4 0 0 5 0 3 0 0 3 0 0 := 15
0 0 0 4 0 0 5 0 3 0 0 3 0 0 
0 0 0 4 0 0 6 0 3 0 0 3 0 0 
0 0 0 4 0 0 5 0 3 0 0 4 0 0 
0 0 0 4 0 0 6 0 3 0 0 3 0 0 
0 0 0 5 0 0 5 0 3 0 0 4 0 0 
Assigned
0 0 0 4 0 0 6 0 3 0 0 3 0 0 
0 0 0 5 0 0 6 0 3 0 0 4 0 0 
0 0 0 5 0 0 5 0 3 0 0 5 0 0 
Assigned
Assigned
Assigned
0 0 0 4 0 0 6 0 3 0 0 3 0 0 
0 0 0 5 0 0 6 0 3 0 0 4 0 0 
0 0 0 6 0 0 5 0 3 0 0 5 0 0 
Assigned
Assigned
Assigned
Assigned
Assigned
Assigned
Assigned
Assigned
Assigned
0 0 0 4 0 0 6 0 3 0 0 3 0 0 
0 0 0 5 0 0 6 0 3 0 0 4 0 0 
0 0 0 6 0 0 6 0 3 0 0 5 0 0 
0 0 0 6 0 0 5 0 3 0 0 6 0 0 
Assigned
Assigned
Assigned
Assigned
Assigned
Assigned
Assigned
Assigned
Assigned
0 0 0 4 0 0 6 0 3 0 0 3 0 0 
0 0 0 5 0 0 6 0 3 0 0 4 0 0 
0 0 0 6 0 0 5 0 3 0 0 6 0 0 
0 0 0 6 0 0 6 0 4 0 0 5 0 0 
0 0 0 7 0 0 6 0 3 0 0 5 0 0 
0 0 0 6 0 0 6 0 4 0 0 5 0 0 
Segments for 4 to 9
4 14 12 Cost: 1061
12 14 4 Cost: 1061
4 14 12 Cost: 1061
12 14 4 Cost: 1061
4 7 Cost: 921
7 8 9 Cost: 1053
Reg: 0 0 0 6 0 0 6 0 3 0 0 5 0 0 := 20
0 0 0 6 0 0 6 0 3 0 0 5 0 0 
0 0 0 6 0 0 6 0 4 0 0 5 0 0 
0 0 0 7 0 0 6 0 3 0 0 5 0 0 
0 0 0 6 0 0 6 0 4 0 0 5 0 0 
Segments for 7 to 9
7 8 9 Cost: 1053
Reg: 0 0 0 6 0 0 6 0 3 0 0 5 0 0 := 20
0 0 0 6 0 0 6 0 3 0 0 5 0 0 
0 0 0 6 0 0 6 0 3 0 0 5 0 1 
0 0 0 7 0 0 6 0 3 0 0 5 0 0 
0 0 0 6 0 0 6 0 4 0 0 5 0 0 
Segments for 7 to 14
7 4 14 Cost: 1254
Reg: 0 0 0 6 0 0 6 0 3 0 0 5 0 0 := 20
0 0 0 6 0 0 6 0 3 0 0 5 0 0 
0 0 0 6 0 0 7 0 3 0 0 5 0 0 
0 0 0 6 0 0 6 0 3 0 0 6 0 0 
0 0 0 6 0 0 7 0 3 0 0 5 0 0 
0 0 0 6 0 0 6 0 3 0 1 6 0 0 
Segments for 4 to 11
4 14 12 Cost: 1061
12 11 Cost: 860
Reg: 0 0 0 6 0 0 6 0 3 0 0 6 0 0 := 21
0 0 0 6 0 0 6 0 3 0 0 6 0 0 
0 0 0 6 0 0 6 0 3 0 1 6 0 0 
0 0 0 7 0 0 6 0 3 0 0 6 0 0 
0 0 0 6 0 0 6 0 4 0 0 6 0 0 
Segments for 7 to 11
7 6 11 Cost: 1326
Reg: 0 0 0 6 0 0 6 0 3 0 0 6 0 0 := 21
0 0 0 6 0 0 6 0 3 0 0 6 0 0 
0 0 0 6 0 0 6 0 3 0 0 6 1 0 
0 0 0 7 0 0 6 0 3 0 0 6 0 0 
0 0 0 6 0 0 7 0 3 0 0 6 0 0 
Segments for 6 to 13
6 11 13 Cost: 923
Reg: 0 0 0 6 0 0 6 0 3 0 0 6 0 0 := 21
0 0 0 6 0 0 6 0 3 0 0 6 0 0 
0 0 0 6 1 0 6 0 3 0 0 6 0 0 
Segments for 4 to 5
4 5 Cost: 402
Reg: 0 0 0 6 0 0 6 0 3 0 0 6 0 0 := 21
0 0 0 6 0 0 6 0 3 0 0 6 0 0 
0 0 0 6 0 0 6 0 3 0 0 6 1 0 
0 0 0 7 0 0 6 0 3 0 0 6 0 0 
Segments for 12 to 13
12 11 13 Cost: 1029
Reg: 0 0 0 6 0 0 6 0 3 0 0 6 0 0 := 21
0 0 0 6 0 0 6 0 3 0 0 6 0 0 
0 0 0 6 0 0 6 0 4 0 0 6 0 0 
0 0 0 6 0 0 7 0 4 0 0 6 0 0 
0 0 0 6 0 0 7 0 4 0 0 6 0 1 
0 0 0 7 0 0 7 0 4 0 0 6 0 0 
0 0 0 6 0 0 7 0 5 0 0 6 0 0 
Segments for 1 to 14
1 3 9 Cost: 710
9 8 7 Cost: 1053
7 4 14 Cost: 1254
Reg: 0 0 0 6 0 0 7 0 4 0 0 6 0 0 := 23
0 0 0 6 0 0 7 0 4 0 0 6 0 0 
0 0 0 6 0 0 7 0 5 0 0 6 0 0 
0 0 0 6 0 0 8 0 5 0 0 6 0 0 
0 0 0 6 0 0 8 0 5 0 0 6 0 0 
Segments for 1 to 7
1 3 9 Cost: 710
9 8 7 Cost: 1053
Reg: 0 0 0 6 0 0 7 0 5 0 0 6 0 0 := 24
0 0 0 6 0 0 7 0 5 0 0 6 0 0 
0 0 0 6 0 0 7 0 6 0 0 6 0 0 
0 0 0 7 0 0 7 0 5 0 0 6 0 0 
0 0 0 6 0 0 7 0 6 0 0 6 0 0 
Segments for 2 to 9
2 3 9 Cost: 1330
Reg: 0 0 0 6 0 0 7 0 5 0 0 6 0 0 := 24
0 0 0 6 0 0 7 0 5 0 0 6 0 0 
0 0 0 6 0 0 7 0 5 0 0 6 1 0 
0 0 0 7 0 0 7 0 5 0 0 6 0 0 
0 0 0 6 0 0 8 0 5 0 0 6 0 0 
0 0 0 6 0 0 7 0 5 0 0 7 0 0 
Segments for 5 to 13
5 10 13 Cost: 1426
Reg: 0 0 0 6 0 0 7 0 5 0 0 6 0 0 := 24
0 0 0 6 0 0 7 0 5 0 0 6 0 0 
0 0 0 6 0 0 8 0 5 0 0 6 0 0 
0 0 0 6 0 0 7 0 6 0 0 6 0 0 
0 0 0 6 0 0 8 0 5 0 0 6 0 0 
0 0 0 6 0 0 8 0 6 0 0 6 0 0 
0 0 0 6 0 0 8 0 5 0 0 6 0 0 
0 0 0 6 0 0 8 0 6 0 0 6 0 1 
0 0 0 7 0 0 8 0 6 0 0 6 0 0 
0 0 0 6 0 0 8 0 7 0 0 6 0 0 
Segments for 3 to 14
3 9 Cost: 237
9 8 7 Cost: 1053
7 4 14 Cost: 1254
Reg: 0 0 0 6 0 0 8 0 6 0 0 6 0 0 := 26
0 0 0 6 0 0 8 0 6 0 0 6 0 0 
0 0 0 6 0 0 8 0 6 0 0 6 1 0 
0 0 0 7 0 0 8 0 6 0 0 6 0 0 
Segments for 12 to 13
12 11 13 Cost: 1029
Reg: 0 0 0 6 0 0 8 0 6 0 0 6 0 0 := 26
0 0 0 6 0 0 8 0 6 0 0 6 0 0 
0 0 0 6 0 0 8 1 6 0 0 6 0 0 
0 0 0 6 0 0 9 0 6 0 0 6 0 0 
0 0 0 6 0 0 8 0 7 0 0 6 0 0 
Segments for 3 to 8
3 9 8 Cost: 853
Reg: 0 0 0 6 0 0 8 0 6 0 0 6 0 0 := 26
0 0 0 6 0 0 8 0 6 0 0 6 0 0 
0 0 0 7 0 0 8 0 6 0 0 6 0 0 
0 0 0 6 0 0 9 0 6 0 0 6 0 0 
0 0 0 6 0 0 8 0 6 0 0 7 0 0 
0 0 0 6 0 0 9 0 6 0 0 6 0 0 
0 0 0 6 0 0 8 0 6 0 0 7 0 0 
0 0 0 7 0 0 9 0 6 0 0 6 0 0 
0 0 0 7 0 0 8 0 6 0 0 7 0 0 
0 0 0 6 0 0 9 0 6 0 0 6 0 0 
0 0 0 6 0 0 8 0 6 0 0 7 0 0 
0 0 0 7 0 0 9 0 6 0 0 6 0 0 
0 0 0 7 0 0 8 0 6 0 1 7 0 0 
Segments for 5 to 11
5 4 Cost: 402
4 14 12 Cost: 1061
12 11 Cost: 860
Reg: 0 0 0 7 0 0 8 0 6 0 0 7 0 0 := 28
0 0 0 7 0 0 8 0 6 0 0 7 0 0 
0 0 0 8 0 0 8 0 6 0 0 7 0 0 
0 0 0 7 0 0 8 0 7 0 0 7 0 0 
0 0 0 7 0 0 8 0 7 0 0 7 0 0 
0 0 0 8 0 0 8 0 6 1 0 7 0 0 
0 0 0 8 0 0 9 0 6 0 0 7 0 0 
0 0 0 8 0 0 8 0 6 0 0 8 0 0 
Segments for 7 to 10
7 4 Cost: 921
4 5 10 Cost: 1066
Reg: 0 0 0 8 0 0 8 0 6 0 0 7 0 0 := 29
0 0 0 8 0 0 8 0 6 0 0 7 0 0 
0 0 0 8 0 0 8 0 6 0 0 7 1 0 
0 0 0 9 0 0 8 0 6 0 0 7 0 0 
0 0 0 8 0 0 9 0 6 0 0 7 0 0 
Segments for 6 to 13
6 11 13 Cost: 923
Reg: 0 0 0 8 0 0 8 0 6 0 0 7 0 0 := 29
0 0 0 8 0 0 8 0 6 0 0 7 0 0 
0 0 0 8 0 0 8 0 6 0 0 7 1 0 
Segments for 10 to 13
10 13 Cost: 762
Reg: 0 0 0 8 0 0 8 0 6 0 0 7 0 0 := 29
0 0 0 8 0 0 8 0 6 0 0 7 0 0 
0 0 0 8 0 0 9 0 6 0 0 7 0 0 
0 0 0 8 0 0 8 0 6 0 0 8 0 0 
0 0 0 8 0 0 9 0 6 0 0 7 0 0 
0 0 0 8 0 0 8 0 6 0 1 8 0 0 
Segments for 4 to 11
4 14 12 Cost: 1061
12 11 Cost: 860
Reg: 0 0 0 8 0 0 8 0 6 0 0 8 0 0 := 30
0 0 0 8 0 0 8 0 6 0 0 8 0 0 
0 0 0 9 0 0 8 0 6 0 0 8 0 0 
0 0 0 8 0 0 9 0 6 0 0 8 0 0 
0 0 0 8 0 0 8 0 6 0 0 9 0 0 
0 0 0 8 0 0 9 0 6 0 0 8 0 0 
0 0 0 8 0 0 8 0 6 0 0 9 0 0 
0 0 0 9 0 0 9 0 6 0 0 8 0 0 
0 0 0 9 0 0 8 0 6 0 0 9 0 0 
0 0 0 8 0 0 9 0 6 0 0 8 0 0 
0 0 0 8 0 0 8 0 6 0 0 9 0 0 
0 0 0 9 0 0 8 0 6 0 0 9 0 0 
0 0 0 9 0 0 9 0 7 0 0 8 0 0 
0 0 0 10 0 0 9 0 6 0 0 8 0 0 
0 0 0 9 0 0 9 0 7 0 0 8 0 0 
Segments for 5 to 9
5 4 Cost: 402
4 7 Cost: 921
7 8 9 Cost: 1053
Reg: 0 0 0 9 0 0 9 0 6 0 0 8 0 0 := 32
0 0 0 9 0 0 9 0 6 0 0 8 0 0 
0 0 0 10 0 0 9 0 6 0 0 8 0 0 
0 0 0 9 0 0 9 0 7 0 0 8 0 0 
0 0 0 10 0 0 9 0 6 0 0 8 0 0 
0 0 0 9 0 0 9 0 7 1 0 8 0 0 
Segments for 2 to 10
2 3 9 Cost: 1330
9 10 Cost: 1142
Reg: 0 0 0 9 0 0 9 0 7 0 0 8 0 0 := 33
0 0 0 9 0 0 9 0 7 0 0 8 0 0 
0 0 0 9 0 0 9 0 7 0 0 8 1 0 
0 0 0 10 0 0 9 0 7 0 0 8 0 0 
0 0 0 9 0 0 10 0 7 0 0 8 0 0 
Segments for 6 to 13
6 11 13 Cost: 923
Reg: 0 0 0 9 0 0 9 0 7 0 0 8 0 0 := 33
0 0 0 9 0 0 9 0 7 0 0 8 0 0 
0 0 0 9 0 0 9 0 7 0 0 9 0 0 
0 0 0 9 0 0 10 0 7 0 0 8 0 0 
0 0 0 9 0 0 9 0 7 0 0 9 0 0 
Segments for 4 to 12
4 14 12 Cost: 1061
Reg: 0 0 0 9 0 0 9 0 7 0 0 8 0 0 := 33
0 0 0 9 0 0 9 0 7 0 0 8 0 0 
0 0 0 9 0 0 10 0 7 0 0 8 0 0 
0 0 0 9 0 0 9 0 8 0 0 8 0 0 
0 0 0 9 0 0 10 0 7 0 0 8 0 0 
0 0 0 9 0 0 10 0 8 0 0 8 0 0 
0 0 0 9 0 0 10 0 7 0 0 8 0 0 
0 0 0 9 0 0 10 0 8 0 0 8 1 0 
0 0 0 10 0 0 10 0 8 0 0 8 0 0 
0 0 0 9 0 0 10 0 9 0 0 8 0 0 
Segments for 3 to 13
3 9 Cost: 237
9 8 7 Cost: 1053
7 6 11 13 Cost: 1495
Reg: 0 0 0 9 0 0 10 0 8 0 0 8 0 0 := 35
0 0 0 9 0 0 10 0 8 0 0 8 0 0 
0 0 0 9 0 0 10 0 8 1 0 8 0 0 
Segments for 5 to 10
5 10 Cost: 664
Reg: 0 0 0 9 0 0 10 0 8 0 0 8 0 0 := 35
0 0 0 9 0 0 10 0 8 0 0 8 0 0 
0 0 0 10 0 0 10 0 8 0 0 8 0 0 
0 0 0 9 0 0 11 0 8 0 0 8 0 0 
0 0 0 9 0 0 10 0 9 0 0 8 0 0 
0 0 0 9 0 0 11 0 8 0 0 8 0 0 
0 0 0 9 0 0 10 0 9 0 0 8 0 0 
0 0 0 10 0 0 10 0 8 0 0 8 0 1 
Segments for 8 to 14
8 7 4 Cost: 1358
4 14 Cost: 333
Reg: 0 0 0 10 0 0 10 0 8 0 0 8 0 0 := 36
0 0 0 10 0 0 10 0 8 0 0 8 0 0 
0 0 0 10 0 0 11 0 8 0 0 8 0 0 
0 0 0 11 0 0 11 0 8 0 0 8 0 0 
0 0 0 10 0 0 11 0 9 0 0 8 0 0 
0 0 0 10 0 0 11 0 9 0 0 8 0 0 
0 0 0 11 0 0 11 0 8 0 0 9 0 0 
0 0 0 11 0 0 12 0 8 0 0 8 0 0 
0 0 0 11 0 0 11 0 8 0 0 9 0 0 
Segments for 9 to 12
9 8 7 Cost: 1053
7 4 Cost: 921
4 14 12 Cost: 1061
Reg: 0 0 0 11 0 0 11 0 8 0 0 8 0 0 := 38
0 0 0 11 0 0 11 0 8 0 0 8 0 0 
0 0 0 11 0 0 11 0 8 0 0 8 1 0 
0 0 0 12 0 0 11 0 8 0 0 8 0 0 
0 0 0 11 0 0 12 0 8 0 0 8 0 0 
Segments for 6 to 13
6 11 13 Cost: 923
Reg: 0 0 0 11 0 0 11 0 8 0 0 8 0 0 := 38
0 0 0 11 0 0 11 0 8 0 0 8 0 0 
0 0 0 11 0 0 11 0 8 0 0 9 0 0 
0 0 0 12 0 0 11 0 8 0 0 8 0 0 
0 0 0 11 0 0 12 0 8 0 0 8 0 0 
0 0 0 11 0 0 11 0 8 0 0 9 0 0 
Segments for 5 to 12
5 4 14 12 Cost: 1463
Reg: 0 0 0 11 0 0 11 0 8 0 0 8 0 0 := 38
0 0 0 11 0 0 11 0 8 0 0 8 0 0 
0 0 0 11 0 0 11 0 8 0 0 8 1 0 
Segments for 10 to 13
10 13 Cost: 762
Reg: 0 0 0 11 0 0 11 0 8 0 0 8 0 0 := 38
0 0 0 11 0 0 11 0 8 0 0 8 0 0 
0 0 0 11 0 0 12 0 8 0 0 8 0 0 
0 0 0 11 0 0 12 0 8 0 0 8 0 0 
0 0 0 11 0 0 11 0 9 0 0 8 0 0 
0 0 0 11 0 0 12 0 8 0 0 8 0 0 
0 0 0 11 0 0 12 0 8 0 0 8 0 0 
0 0 0 11 0 0 12 0 9 0 0 8 0 0 
0 0 0 11 0 0 12 0 9 0 0 8 0 0 
Segments for 3 to 7
3 9 Cost: 237
9 8 7 Cost: 1053
Reg: 0 0 0 11 0 0 11 0 9 0 0 8 0 0 := 39
0 0 0 11 0 0 11 0 9 0 0 8 0 0 
0 0 0 11 0 0 12 0 9 0 0 8 0 0 
0 0 0 11 0 0 11 0 9 0 0 9 0 0 
0 0 0 11 0 0 12 0 9 0 0 8 0 0 
0 0 0 11 0 0 11 0 9 0 0 9 0 1 
Segments for 13 to 14
13 11 12 Cost: 1029
12 14 Cost: 728
Reg: 0 0 0 11 0 0 11 0 9 0 0 9 0 0 := 40
0 0 0 11 0 0 11 0 9 0 0 9 0 0 
0 0 0 11 0 0 12 0 9 0 0 9 0 0 
0 0 0 11 0 0 11 0 9 0 0 10 0 0 
0 0 0 11 0 0 12 0 9 0 0 9 0 0 
0 0 0 12 0 0 11 0 9 0 0 10 0 0 
Assigned
0 0 0 11 0 0 12 0 9 0 0 9 0 0 
0 0 0 12 0 0 12 0 9 0 0 10 0 0 
0 0 0 12 0 0 11 0 9 0 0 11 0 0 
0 0 0 11 0 0 12 0 9 0 0 9 0 0 
0 0 0 12 0 0 11 0 9 0 0 11 0 0 
0 0 0 12 0 0 12 0 10 0 0 10 0 0 
0 0 0 13 0 0 12 0 9 0 0 10 0 0 
0 0 0 12 0 0 12 0 10 0 0 10 0 0 
Segments for 4 to 9
4 14 12 Cost: 1061
12 14 4 Cost: 1061
4 7 Cost: 921
7 8 9 Cost: 1053
Reg: 0 0 0 12 0 0 12 0 9 0 0 10 0 0 := 43
0 0 0 12 0 0 12 0 9 0 0 10 0 0 
0 0 0 12 0 0 13 0 9 0 0 10 0 0 
Segments for 4 to 7
4 7 Cost: 921
Reg: 0 0 0 12 0 0 12 0 9 0 0 10 0 0 := 43
0 0 0 12 0 0 12 0 9 0 0 10 0 0 
0 0 0 12 0 1 12 0 9 0 0 10 0 0 
0 0 0 12 0 0 13 0 9 0 0 10 0 0 
0 0 0 12 0 0 12 0 10 0 0 10 0 0 
Segments for 3 to 6
3 1 6 Cost: 1412
Reg: 0 0 0 12 0 0 12 0 9 0 0 10 0 0 := 43
0 0 0 12 0 0 12 0 9 0 0 10 0 0 
0 0 0 13 0 0 12 0 9 0 0 10 0 0 
0 0 0 12 0 0 12 0 10 0 0 10 0 0 
0 0 0 13 0 0 12 0 9 0 0 10 0 0 
0 0 0 12 0 0 12 0 10 1 0 10 0 0 
Segments for 2 to 10
2 3 9 Cost: 1330
9 10 Cost: 1142
Reg: 0 0 0 12 0 0 12 0 10 0 0 10 0 0 := 44
0 0 0 12 0 0 12 0 10 0 0 10 0 0 
0 0 0 12 0 0 13 0 10 0 0 10 0 0 
0 0 0 12 0 0 12 0 10 0 0 11 0 0 
0 0 0 12 0 0 13 0 10 0 0 10 0 0 
0 0 0 12 0 0 12 0 10 0 1 11 0 0 
Segments for 4 to 11
4 14 12 Cost: 1061
12 11 Cost: 860
Reg: 0 0 0 12 0 0 12 0 10 0 0 11 0 0 := 45
0 0 0 12 0 0 12 0 10 0 0 11 0 0 
0 0 0 13 0 0 12 0 10 0 0 11 0 0 
0 0 0 12 0 0 13 0 10 0 0 11 0 0 
0 0 0 12 0 0 12 0 10 0 0 12 0 0 
0 0 0 13 0 0 12 0 10 0 0 11 0 0 
0 0 0 12 0 0 13 0 10 0 0 11 0 0 
0 0 0 13 0 0 12 0 10 0 0 12 0 0 
Assigned
0 0 0 13 0 0 12 0 10 0 0 11 0 0 
0 0 0 12 0 0 13 0 10 0 0 11 0 0 
0 0 0 13 0 0 13 0 10 0 0 12 0 0 
0 0 0 13 0 0 12 0 10 0 0 13 0 0 
0 0 0 13 0 0 12 0 10 0 0 11 0 0 
0 0 0 12 0 0 13 0 10 0 0 11 0 0 
0 0 0 13 0 0 12 0 10 0 0 13 0 0 
0 0 0 13 0 0 13 0 11 0 0 12 0 0 
0 0 0 14 0 0 13 0 10 0 0 12 0 0 
0 0 0 13 0 0 13 0 11 0 0 12 0 0 
Segments for 5 to 9
5 4 14 12 Cost: 1463
12 14 4 Cost: 1061
4 7 Cost: 921
7 8 9 Cost: 1053
Reg: 0 0 0 13 0 0 13 0 10 0 0 12 0 0 := 48
0 0 0 13 0 0 13 0 10 0 0 12 0 0 
0 0 0 13 0 0 13 0 10 0 0 12 1 0 
0 0 0 14 0 0 13 0 10 0 0 12 0 0 
0 0 0 13 0 0 14 0 10 0 0 12 0 0 
Segments for 6 to 13
6 11 13 Cost: 923
Reg: 0 0 0 13 0 0 13 0 10 0 0 12 0 0 := 48
0 0 0 13 0 0 13 0 10 0 0 12 0 0 
0 0 0 13 0 0 13 0 10 0 0 13 0 0 
0 0 0 13 0 0 14 0 10 0 0 12 0 0 
0 0 0 13 0 0 13 0 10 0 0 13 0 0 
Segments for 4 to 12
4 14 12 Cost: 1061
Reg: 0 0 0 13 0 0 13 0 10 0 0 12 0 0 := 48
0 0 0 13 0 0 13 0 10 0 0 12 0 0 
0 0 0 13 0 0 13 0 10 0 0 13 0 0 
0 0 0 14 0 0 13 0 10 0 0 12 0 0 
0 0 0 13 0 0 14 0 10 0 0 12 0 0 
0 0 0 13 0 0 13 0 10 0 0 13 0 0 
Segments for 5 to 12
5 4 14 12 Cost: 1463
Reg: 0 0 0 13 0 0 13 0 10 0 0 12 0 0 := 48
0 0 0 13 0 0 13 0 10 0 0 12 0 0 
0 0 0 14 0 0 13 0 10 0 0 12 0 0 
0 0 0 13 0 0 13 0 11 0 0 12 0 0 
0 0 0 14 0 0 13 0 10 0 0 12 0 0 
0 0 0 13 0 0 14 0 11 0 0 12 0 0 
0 0 0 14 0 0 13 0 10 0 0 12 0 0 
0 0 0 13 0 0 14 0 11 0 0 12 1 0 
0 0 0 14 0 0 14 0 11 0 0 12 0 0 
0 0 0 13 0 0 14 0 12 0 0 12 0 0 
Segments for 2 to 13
2 3 9 Cost: 1330
9 8 7 Cost: 1053
7 6 11 13 Cost: 1495
Reg: 0 0 0 13 0 0 14 0 11 0 0 12 0 0 := 50
0 0 0 13 0 0 14 0 11 0 0 12 0 0 
0 0 0 14 0 0 14 0 11 0 0 12 0 0 
0 0 0 13 0 0 15 0 11 0 0 12 0 0 
0 0 0 13 0 0 14 0 11 0 0 13 0 0 
0 0 0 13 0 0 15 0 11 0 0 12 0 0 
0 0 0 13 0 0 14 0 11 0 0 13 0 0 
0 0 0 14 0 0 15 0 11 0 0 12 0 0 
0 0 0 14 0 0 14 0 11 0 0 13 0 0 
0 0 0 13 0 0 15 0 11 0 0 12 0 0 
0 0 0 13 0 0 14 0 11 0 0 13 0 0 
0 0 0 14 0 0 15 0 11 0 0 12 0 0 
0 0 0 14 0 0 14 0 11 0 1 13 0 0 
Segments for 5 to 11
5 4 Cost: 402
4 14 12 Cost: 1061
12 11 Cost: 860
Reg: 0 0 0 14 0 0 14 0 11 0 0 13 0 0 := 52
0 0 0 14 0 0 14 0 11 0 0 13 0 0 
0 0 0 14 0 0 14 1 11 0 0 13 0 0 
0 0 0 14 0 0 15 0 11 0 0 13 0 0 
0 0 0 14 0 0 14 0 11 0 0 14 0 0 
Segments for 4 to 8
4 7 8 Cost: 1358
Reg: 0 0 0 14 0 0 14 0 11 0 0 13 0 0 := 52
0 0 0 14 0 0 14 0 11 0 0 13 0 0 
0 0 0 14 0 0 14 0 12 0 0 13 0 0 
0 0 0 15 0 0 14 0 11 0 0 13 0 0 
0 0 0 14 0 0 14 0 12 0 0 13 0 0 
Segments for 7 to 9
7 8 9 Cost: 1053
Reg: 0 0 0 14 0 0 14 0 11 0 0 13 0 0 := 52
0 0 0 14 0 0 14 0 11 0 0 13 0 0 
0 0 0 14 0 0 15 0 11 0 0 13 0 0 
0 0 0 15 0 0 14 0 11 0 0 13 0 0 
0 0 0 14 0 0 15 0 11 0 0 13 0 0 
0 0 0 14 0 0 14 0 11 0 0 14 0 0 
0 0 0 14 0 0 15 0 11 0 0 13 0 0 
0 0 0 15 0 0 14 0 11 0 0 13 0 0 
0 0 0 14 0 0 15 0 11 0 0 13 0 0 
0 0 0 15 0 0 14 0 11 0 0 14 0 0 
0 0 0 14 0 0 15 0 11 0 0 13 0 0 
0 0 0 15 0 0 14 0 11 0 0 13 0 0 
0 0 0 14 0 0 15 0 11 0 0 13 0 0 
0 0 0 15 0 0 15 0 11 0 0 14 0 0 
Segments for 5 to 7
5 4 14 12 Cost: 1463
12 14 4 Cost: 1061
4 7 Cost: 921
Reg: 0 0 0 15 0 0 14 0 11 0 0 14 0 0 := 54
0 0 0 15 0 0 14 0 11 0 0 14 0 0 
0 0 0 15 0 0 15 0 11 0 0 14 0 0 
0 0 0 15 0 0 14 0 11 0 0 15 0 0 
0 0 0 15 0 0 14 0 11 0 0 15 0 0 
0 0 0 15 0 0 15 0 11 0 0 14 0 1 
0 0 0 16 0 0 15 0 11 0 0 14 0 0 
0 0 0 15 0 0 15 0 12 0 0 14 0 0 
Segments for 13 to 14
13 11 6 7 Cost: 1495
7 4 14 Cost: 1254
Reg: 0 0 0 15 0 0 15 0 11 0 0 14 0 0 := 55
0 0 0 15 0 0 15 0 11 0 0 14 0 0 
0 0 0 15 0 0 15 0 11 1 0 14 0 0 
Segments for 9 to 10
9 10 Cost: 1142
Reg: 0 0 0 15 0 0 15 0 11 0 0 14 0 0 := 55
0 0 0 15 0 0 15 0 11 0 0 14 0 0 
0 0 0 15 0 0 15 0 12 0 0 14 0 0 
0 0 0 16 0 0 15 0 11 0 0 14 0 0 
0 0 0 15 0 0 15 0 12 0 0 14 0 0 
Segments for 2 to 9
2 3 9 Cost: 1330
Reg: 0 0 0 15 0 0 15 0 11 0 0 14 0 0 := 55
0 0 0 15 0 0 15 0 11 0 0 14 0 0 
0 0 0 16 0 0 15 0 11 0 0 14 0 0 
0 0 0 15 0 0 15 0 12 0 0 14 0 0 
0 0 0 16 0 0 15 0 11 0 0 14 0 0 
0 0 0 15 0 0 16 0 12 0 0 14 0 0 
0 0 0 16 0 0 15 0 11 0 0 14 0 0 
0 0 0 16 0 0 16 0 12 0 0 14 0 0 
0 0 0 15 0 0 16 0 13 0 0 14 0 0 
0 0 0 16 0 0 15 0 11 0 0 14 0 0 
0 0 0 15 0 0 16 0 13 0 0 14 0 0 
0 0 0 16 0 0 16 0 12 0 0 15 0 0 
0 0 0 16 0 0 17 0 12 0 0 14 0 0 
0 0 0 16 0 0 16 0 12 0 0 15 0 0 
Segments for 2 to 12
2 3 9 Cost: 1330
9 8 7 Cost: 1053
7 4 Cost: 921
4 14 12 Cost: 1061
Reg: 0 0 0 16 0 0 16 0 12 0 0 14 0 0 := 58
0 0 0 16 0 0 16 0 12 0 0 14 0 0 
0 0 0 17 0 0 16 0 12 0 0 14 0 0 
0 0 0 16 0 0 16 0 13 0 0 14 0 0 
0 0 0 17 0 0 16 0 12 0 0 14 0 0 
0 0 0 16 0 0 17 0 13 0 0 14 0 0 
0 0 0 17 0 0 16 0 12 0 0 14 0 0 
0 0 0 16 0 1 17 0 13 0 0 14 0 0 
Segments for 2 to 6
2 3 9 Cost: 1330
9 8 7 Cost: 1053
7 6 Cost: 572
Reg: 0 0 0 16 0 0 17 0 13 0 0 14 0 0 := 60
0 0 0 16 0 0 17 0 13 0 0 14 0 0 
0 0 0 16 0 0 18 0 13 0 0 14 0 0 
0 0 0 16 0 0 17 0 14 0 0 14 0 0 
0 0 0 16 0 0 18 0 13 0 0 14 0 0 
0 0 0 16 0 0 18 0 14 0 0 14 0 0 
0 0 0 16 0 0 18 0 13 0 0 14 0 0 
0 0 0 16 0 0 18 0 14 0 0 14 0 1 
0 0 0 17 0 0 18 0 14 0 0 14 0 0 
0 0 0 16 0 0 18 0 15 0 0 14 0 0 
Segments for 3 to 14
3 9 Cost: 237
9 8 7 Cost: 1053
7 4 14 Cost: 1254
Reg: 0 0 0 16 0 0 18 0 14 0 0 14 0 0 := 62
0 0 0 16 0 0 18 0 14 0 0 14 0 0 
0 0 0 17 0 0 18 0 14 0 0 14 0 0 
0 0 0 16 0 0 18 0 15 0 0 14 0 0 
0 0 0 16 0 0 18 0 15 0 0 14 0 0 
0 0 0 17 0 0 18 0 14 0 0 15 0 0 
0 0 0 17 0 0 19 0 14 0 0 14 0 0 
0 0 0 17 0 0 18 0 14 0 0 15 0 0 
Segments for 7 to 12
7 4 Cost: 921
4 14 12 Cost: 1061
Reg: 0 0 0 17 0 0 18 0 14 0 0 14 0 0 := 63
0 0 0 17 0 0 18 0 14 0 0 14 0 0 
0 0 0 17 0 0 19 0 14 0 0 14 0 0 
0 0 0 17 0 0 18 0 14 0 0 15 0 0 
0 0 0 17 0 0 19 0 14 0 0 14 0 0 
0 0 0 18 0 0 18 0 14 0 0 15 0 0 
Assigned
0 0 0 17 0 0 19 0 14 0 0 14 0 0 
0 0 0 18 0 0 19 0 14 0 0 15 0 0 
0 0 0 18 0 0 18 0 14 0 0 16 0 0 
Assigned
Assigned
Assigned
0 0 0 17 0 0 19 0 14 0 0 14 0 0 
0 0 0 18 0 0 19 0 14 0 0 15 0 0 
0 0 0 19 0 0 18 0 14 0 0 16 0 0 
Assigned
Assigned
Assigned
Assigned
Assigned
Assigned
Assigned
Assigned
Assigned
0 0 0 17 0 0 19 0 14 0 0 14 0 0 
0 0 0 18 0 0 19 0 14 0 0 15 0 0 
0 0 0 19 0 0 19 0 14 0 0 16 0 0 
0 0 0 19 0 0 18 0 14 0 0 17 0 0 
Assigned
Assigned
Assigned
Assigned
Assigned
Assigned
Assigned
Assigned
Assigned
0 0 0 17 0 0 19 0 14 0 0 14 0 0 
0 0 0 18 0 0 19 0 14 0 0 15 0 0 
0 0 0 19 0 0 18 0 14 0 0 17 0 0 
0 0 0 19 0 0 19 0 15 0 0 16 0 0 
0 0 0 20 0 0 19 0 14 0 0 16 0 0 
0 0 0 19 0 0 19 0 15 0 0 16 0 0 
Segments for 4 to 9
4 14 12 Cost: 1061
12 14 4 Cost: 1061
4 14 12 Cost: 1061
12 14 4 Cost: 1061
4 7 Cost: 921
7 8 9 Cost: 1053
Reg: 0 0 0 19 0 0 19 0 14 0 0 16 0 0 := 68
0 0 0 19 0 0 19 0 14 0 0 16 0 0 
0 0 0 19 0 0 19 0 15 0 0 16 0 0 
0 0 0 20 0 0 19 0 14 0 0 16 0 0 
0 0 0 19 0 0 19 0 15 0 0 16 0 0 
Segments for 7 to 9
7 8 9 Cost: 1053
Reg: 0 0 0 19 0 0 19 0 14 0 0 16 0 0 := 68
0 0 0 19 0 0 19 0 14 0 0 16 0 0 
0 0 0 19 0 0 19 0 14 0 0 16 0 1 
0 0 0 20 0 0 19 0 14 0 0 16 0 0 
0 0 0 19 0 0 19 0 15 0 0 16 0 0 
Segments for 7 to 14
7 4 14 Cost: 1254
Reg: 0 0 0 19 0 0 19 0 14 0 0 16 0 0 := 68
0 0 0 19 0 0 19 0 14 0 0 16 0 0 
0 0 0 19 0 0 20 0 14 0 0 16 0 0 
0 0 0 19 0 0 19 0 14 0 0 17 0 0 
0 0 0 19 0 0 20 0 14 0 0 16 0 0 
0 0 0 19 0 0 19 0 14 0 1 17 0 0 
Segments for 4 to 11
4 14 12 Cost: 1061
12 11 Cost: 860
Reg: 0 0 0 19 0 0 19 0 14 0 0 17 0 0 := 69
0 0 0 19 0 0 19 0 14 0 0 17 0 0 
0 0 0 19 0 0 19 0 14 0 1 17 0 0 
0 0 0 20 0 0 19 0 14 0 0 17 0 0 
0 0 0 19 0 0 19 0 15 0 0 17 0 0 
Segments for 7 to 11
7 6 11 Cost: 1326
Reg: 0 0 0 19 0 0 19 0 14 0 0 17 0 0 := 69
0 0 0 19 0 0 19 0 14 0 0 17 0 0 
0 0 0 19 0 0 19 0 14 0 0 17 1 0 
0 0 0 20 0 0 19 0 14 0 0 17 0 0 
0 0 0 19 0 0 20 0 14 0 0 17 0 0 
Segments for 6 to 13
6 11 13 Cost: 923
Reg: 0 0 0 19 0 0 19 0 14 0 0 17 0 0 := 69
0 0 0 19 0 0 19 0 14 0 0 17 0 0 
0 0 0 19 1 0 19 0 14 0 0 17 0 0 
Segments for 4 to 5
4 5 Cost: 402
Reg: 0 0 0 19 0 0 19 0 14 0 0 17 0 0 := 69
0 0 0 19 0 0 19 0 14 0 0 17 0 0 
0 0 0 19 0 0 19 0 14 0 0 17 1 0 
0 0 0 20 0 0 19 0 14 0 0 17 0 0 
Segments for 12 to 13
12 11 13 Cost: 1029
Reg: 0 0 0 19 0 0 19 0 14 0 0 17 0 0 := 69
0 0 0 19 0 0 19 0 14 0 0 17 0 0 
0 0 0 19 0 0 19 0 15 0 0 17 0 0 
0 0 0 19 0 0 20 0 15 0 0 17 0 0 
0 0 0 19 0 0 20 0 15 0 0 17 0 1 
0 0 0 20 0 0 20 0 15 0 0 17 0 0 
0 0 0 19 0 0 20 0 16 0 0 17 0 0 
Segments for 1 to 14
1 3 9 Cost: 710
9 8 7 Cost: 1053
7 4 14 Cost: 1254
Reg: 0 0 0 19 0 0 20 0 15 0 0 17 0 0 := 71
0 0 0 19 0 0 20 0 15 0 0 17 0 0 
0 0 0 19 0 0 20 0 16 0 0 17 0 0 
0 0 0 19 0 0 21 0 16 0 0 17 0 0 
0 0 0 19 0 0 21 0 16 0 0 17 0 0 
Segments for 1 to 7
1 3 9 Cost: 710
9 8 7 Cost: 1053
Reg: 0 0 0 19 0 0 20 0 16 0 0 17 0 0 := 72
0 0 0 19 0 0 20 0 16 0 0 17 0 0 
0 0 0 19 0 0 20 0 17 0 0 17 0 0 
0 0 0 20 0 0 20 0 16 0 0 17 0 0 
0 0 0 19 0 0 20 0 17 0 0 17 0 0 
Segments for 2 to 9
2 3 9 Cost: 1330
Reg: 0 0 0 19 0 0 20 0 16 0 0 17 0 0 := 72
0 0 0 19 0 0 20 0 16 0 0 17 0 0 
0 0 0 19 0 0 20 0 16 0 0 17 1 0 
0 0 0 20 0 0 20 0 16 0 0 17 0 0 
0 0 0 19 0 0 21 0 16 0 0 17 0 0 
0 0 0 19 0 0 20 0 16 0 0 18 0 0 
Segments for 5 to 13
5 10 13 Cost: 1426
Reg: 0 0 0 19 0 0 20 0 16 0 0 17 0 0 := 72
0 0 0 19 0 0 20 0 16 0 0 17 0 0 
0 0 0 19 0 0 21 0 16 0 0 17 0 0 
0 0 0 19 0 0 20 0 17 0 0 17 0 0 
0 0 0 19 0 0 21 0 16 0 0 17 0 0 
0 0 0 19 0 0 21 0 17 0 0 17 0 0 
0 0 0 19 0 0 21 0 16 0 0 17 0 0 
0 0 0 19 0 0 21 0 17 0 0 17 0 1 
0 0 0 20 0 0 21 0 17 0 0 17 0 0 
0 0 0 19 0 0 21 0 18 0 0 17 0 0 
Segments for 3 to 14
3 9 Cost: 237
9 8 7 Cost: 1053
7 4 14 Cost: 1254
Reg: 0 0 0 19 0 0 21 0 17 0 0 17 0 0 := 74
0 0 0 19 0 0 21 0 17 0 0 17 0 0 
0 0 0 19 0 0 21 0 17 0 0 17 1 0 
0 0 0 20 0 0 21 0 17 0 0 17 0 0 
Segments for 12 to 13
12 11 13 Cost: 1029
Reg: 0 0 0 19 0 0 21 0 17 0 0 17 0 0 := 74
0 0 0 19 0 0 21 0 17 0 0 17 0 0 
0 0 0 19 0 0 21 1 17 0 0 17 0 0 
0 0 0 19 0 0 22 0 17 0 0 17 0 0 
0 0 0 19 0 0 21 0 18 0 0 17 0 0 
Segments for 3 to 8
3 9 8 Cost: 853
Reg: 0 0 0 19 0 0 21 0 17 0 0 17 0 0 := 74
0 0 0 19 0 0 21 0 17 0 0 17 0 0 
0 0 0 20 0 0 21 0 17 0 0 17 0 0 
0 0 0 19 0 0 22 0 17 0 0 17 0 0 
0 0 0 19 0 0 21 0 17 0 0 18 0 0 
0 0 0 19 0 0 22 0 17 0 0 17 0 0 
0 0 0 19 0 0 21 0 17 0 0 18 0 0 
0 0 0 20 0 0 22 0 17 0 0 17 0 0 
0 0 0 20 0 0 21 0 17 0 0 18 0 0 
0 0 0 19 0 0 22 0 17 0 0 17 0 0 
0 0 0 19 0 0 21 0 17 0 0 18 0 0 
0 0 0 20 0 0 22 0 17 0 0 17 0 0 
0 0 0 20 0 0 21 0 17 0 1 18 0 0 
Segments for 5 to 11
5 4 Cost: 402
4 14 12 Cost: 1061
12 11 Cost: 860
Reg: 0 0 0 20 0 0 21 0 17 0 0 18 0 0 := 76
0 0 0 20 0 0 21 0 17 0 0 18 0 0 
0 0 0 21 0 0 21 0 17 0 0 18 0 0 
0 0 0 20 0 0 21 0 18 0 0 18 0 0 
0 0 0 20 0 0 21 0 18 0 0 18 0 0 
0 0 0 21 0 0 21 0 17 1 0 18 0 0 
0 0 0 21 0 0 22 0 17 0 0 18 0 0 
0 0 0 21 0 0 21 0 17 0 0 19 0 0 
Segments for 7 to 10
7 4 Cost: 921
4 5 10 Cost: 1066
Reg: 0 0 0 21 0 0 21 0 17 0 0 18 0 0 := 77
0 0 0 21 0 0 21 0 17 0 0 18 0 0 
0 0 0 21 0 0 21 0 17 0 0 18 1 0 
0 0 0 22 0 0 21 0 17 0 0 18 0 0 
0 0 0 21 0 0 22 0 17 0 0 18 0 0 
Segments for 6 to 13
6 11 13 Cost: 923
Reg: 0 0 0 21 0 0 21 0 17 0 0 18 0 0 := 77
0 0 0 21 0 0 21 0 17 0 0 18 0 0 
0 0 0 21 0 0 21 0 17 0 0 18 1 0 
Segments for 10 to 13
10 13 Cost: 762
Reg: 0 0 0 21 0 0 21 0 17 0 0 18 0 0 := 77
0 0 0 21 0 0 21 0 17 0 0 18 0 0 
0 0 0 21 0 0 22 0 17 0 0 18 0 0 
0 0 0 21 0 0 21 0 18 0 0 18 0 0 
0 0 0 21 0 0 22 0 17 0 0 18 0 0 
0 0 0 21 0 0 22 0 18 0 0 18 0 0 
0 0 0 21 0 0 22 0 17 0 0 18 0 0 
0 0 0 21 0 0 22 0 18 0 0 18 1 0 
0 0 0 22 0 0 22 0 18 0 0 18 0 0 
0 0 0 21 0 0 22 0 19 0 0 18 0 0 
Segments for 3 to 13
3 9 Cost: 237
9 8 7 Cost: 1053
7 6 11 13 Cost: 1495
Reg: 0 0 0 21 0 0 22 0 18 0 0 18 0 0 := 79
0 0 0 21 0 0 22 0 18 0 0 18 0 0 
0 0 0 21 0 0 22 0 18 1 0 18 0 0 
Segments for 5 to 10
5 10 Cost: 664
Reg: 0 0 0 21 0 0 22 0 18 0 0 18 0 0 := 79
0 0 0 21 0 0 22 0 18 0 0 18 0 0 
0 0 0 22 0 0 22 0 18 0 0 18 0 0 
0 0 0 21 0 0 23 0 18 0 0 18 0 0 
0 0 0 21 0 0 22 0 19 0 0 18 0 0 
0 0 0 21 0 0 23 0 18 0 0 18 0 0 
0 0 0 21 0 0 22 0 19 0 0 18 0 0 
0 0 0 22 0 0 22 0 18 0 0 18 0 1 
Segments for 8 to 14
8 7 4 Cost: 1358
4 14 Cost: 333
Reg: 0 0 0 22 0 0 22 0 18 0 0 18 0 0 := 80
0 0 0 22 0 0 22 0 18 0 0 18 0 0 
0 0 0 22 0 0 23 0 18 0 0 18 0 0 
0 0 0 23 0 0 23 0 18 0 0 18 0 0 
0 0 0 22 0 0 23 0 19 0 0 18 0 0 
0 0 0 22 0 0 23 0 19 0 0 18 0 0 
0 0 0 23 0 0 23 0 18 0 0 19 0 0 
0 0 0 23 0 0 24 0 18 0 0 18 0 0 
0 0 0 23 0 0 23 0 18 0 0 19 0 0 
Segments for 9 to 12
9 8 7 Cost: 1053
7 4 Cost: 921
4 14 12 Cost: 1061
Reg: 0 0 0 23 0 0 23 0 18 0 0 18 0 0 := 82
0 0 0 23 0 0 23 0 18 0 0 18 0 0 
0 0 0 23 0 0 23 0 18 0 0 18 1 0 
0 0 0 24 0 0 23 0 18 0 0 18 0 0 
0 0 0 23 0 0 24 0 18 0 0 18 0 0 
Segments for 6 to 13
6 11 13 Cost: 923
Reg: 0 0 0 23 0 0 23 0 18 0 0 18 0 0 := 82
0 0 0 23 0 0 23 0 18 0 0 18 0 0 
0 0 0 23 0 0 23 0 18 0 0 19 0 0 
0 0 0 24 0 0 23 0 18 0 0 18 0 0 
0 0 0 23 0 0 24 0 18 0 0 18 0 0 
0 0 0 23 0 0 23 0 18 0 0 19 0 0 
Segments for 5 to 12
5 4 14 12 Cost: 1463
Reg: 0 0 0 23 0 0 23 0 18 0 0 18 0 0 := 82
0 0 0 23 0 0 23 0 18 0 0 18 0 0 
0 0 0 23 0 0 23 0 18 0 0 18 1 0 
Segments for 10 to 13
10 13 Cost: 762
Reg: 0 0 0 23 0 0 23 0 18 0 0 18 0 0 := 82
0 0 0 23 0 0 23 0 18 0 0 18 0 0 
0 0 0 23 0 0 24 0 18 0 0 18 0 0 
0 0 0 23 0 0 24 0 18 0 0 18 0 0 
0 0 0 23 0 0 23 0 19 0 0 18 0 0 
0 0 0 23 0 0 24 0 18 0 0 18 0 0 
0 0 0 23 0 0 24 0 18 0 0 18 0 0 
0 0 0 23 0 0 24 0 19 0 0 18 0 0 
0 0 0 23 0 0 24 0 19 0 0 18 0 0 
Segments for 3 to 7
3 9 Cost: 237
9 8 7 Cost: 1053
Reg: 0 0 0 23 0 0 23 0 19 0 0 18 0 0 := 83
0 0 0 23 0 0 23 0 19 0 0 18 0 0 
0 0 0 23 0 0 24 0 19 0 0 18 0 0 
0 0 0 23 0 0 23 0 19 0 0 19 0 0 
0 0 0 23 0 0 24 0 19 0 0 18 0 0 
0 0 0 23 0 0 23 0 19 0 0 19 0 1 
Segments for 13 to 14
13 11 12 Cost: 1029
12 14 Cost: 728
Reg: 0 0 0 23 0 0 23 0 19 0 0 19 0 0 := 84
0 0 0 23 0 0 23 0 19 0 0 19 0 0 
0 0 0 24 0 0 23 0 19 0 0 19 0 0 
0 0 0 23 0 0 23 0 20 0 0 19 0 0 
0 0 0 24 0 0 23 0 19 0 0 19 0 0 
0 0 0 23 0 0 24 0 20 0 0 19 0 0 
0 0 0 24 0 0 23 0 19 0 0 19 0 0 
0 0 0 23 0 0 24 0 20 0 0 19 1 0 
0 0 0 24 0 0 24 0 20 0 0 19 0 0 
0 0 0 23 0 0 24 0 21 0 0 19 0 0 
Segments for 2 to 13
2 3 9 Cost: 1330
9 8 7 Cost: 1053
7 6 11 13 Cost: 1495
Reg: 0 0 0 23 0 0 24 0 20 0 0 19 0 0 := 86
0 0 0 23 0 0 24 0 20 0 0 19 0 0 
0 0 0 24 0 0 24 0 20 0 0 19 0 0 
0 0 0 23 0 0 25 0 20 0 0 19 0 0 
0 0 0 23 0 0 25 0 20 0 0 19 0 0 
0 0 0 24 0 0 25 0 20 0 0 19 0 0 
0 0 0 24 0 0 24 0 20 0 0 20 0 0 
0 0 0 23 0 0 25 0 20 0 0 19 0 0 
0 0 0 24 0 0 25 0 20 0 0 19 0 0 
0 0 0 25 0 0 24 0 20 0 0 20 0 0 
Assigned
Assigned
0 0 0 23 0 0 25 0 20 0 0 19 0 0 
0 0 0 24 0 0 25 0 20 0 0 19 0 0 
0 0 0 25 0 0 25 0 20 0 0 20 0 0 
0 0 0 25 0 0 24 0 20 0 0 21 0 0 
Assigned
0 0 0 23 0 0 25 0 20 0 0 19 0 0 
0 0 0 24 0 0 25 0 20 0 0 19 0 0 
0 0 0 25 0 0 24 0 20 0 0 21 0 0 
0 0 0 25 0 0 25 0 21 0 0 20 0 0 
0 0 0 26 0 0 25 0 20 0 0 20 0 0 
0 0 0 25 0 0 25 0 21 0 0 20 0 0 
Segments for 6 to 9
6 7 4 Cost: 1493
4 14 12 Cost: 1061
12 14 4 Cost: 1061
4 7 Cost: 921
7 8 9 Cost: 1053
Reg: 0 0 0 25 0 0 25 0 20 0 0 20 0 0 := 90
0 0 0 25 0 0 25 0 20 0 0 20 0 0 
0 0 0 25 0 0 26 0 20 0 0 20 0 0 
0 0 0 25 0 0 25 0 20 0 0 21 0 0 
0 0 0 25 0 0 26 0 20 0 0 20 0 0 
0 0 0 26 0 0 25 0 20 0 0 21 0 0 
Assigned
0 0 0 25 0 0 26 0 20 0 0 20 0 0 
0 0 0 26 0 0 26 0 20 0 0 21 0 0 
0 0 0 26 0 0 25 0 20 0 0 22 0 0 
0 0 0 25 0 0 26 0 20 0 0 20 0 0 
0 0 0 26 0 0 25 0 20 0 0 22 0 0 
0 0 0 26 0 0 26 0 21 0 0 21 0 0 
0 0 0 27 0 0 26 0 20 0 0 21 0 0 
0 0 0 26 0 0 26 0 21 0 0 21 0 0 
Segments for 4 to 9
4 14 12 Cost: 1061
12 14 4 Cost: 1061
4 7 Cost: 921
7 8 9 Cost: 1053
Reg: 0 0 0 26 0 0 26 0 20 0 0 21 0 0 := 93
0 0 0 26 0 0 26 0 20 0 0 21 0 0 
0 0 0 26 0 0 27 0 20 0 0 21 0 0 
0 0 0 26 0 0 26 0 20 0 0 22 0 0 
0 0 0 26 0 0 27 0 20 0 0 21 0 0 
0 0 0 26 0 0 26 0 20 0 1 22 0 0 
Segments for 4 to 11
4 14 12 Cost: 1061
12 11 Cost: 860
Reg: 0 0 0 26 0 0 26 0 20 0 0 22 0 0 := 94
0
0
0
26
0
0
26
0
20
0
0
22
0
0
94
Avg:0.94
Wavelengths: 15
