0 0 5 0 0 0 0 0 0 4 0 3 0 0 
TOTAL : 12
Avg:0.12
Time: 0.463003 
0 0 19 0 0 2 0 0 0 24 0 13 0 0 
TOTAL : 58
Avg:0.58
Time: 2.1666
0 0 46 0 0 16 0 0 0 53 0 15 0 0 
TOTAL : 130
Avg:1.3
Time: 4.56008 
0 0 5 0 0 0 0 0 4 0 3 0 0 
TOTAL : 12
Avg:0.12
Time: 0.469550 
0 0 19 0 4 0 0 0 19 0 13 0 0 
TOTAL : 55
Avg:0.55
Time: 2.128490 
0 0 46 0 26 0 0 0 36 0 16 0 0 
TOTAL : 124
Avg:1.24
Time: 4.25001
0 0 0 5 0 0 0 0 0 4 0 3 0 0 
TOTAL : 12
Avg:0.12
Time: 0.456999
0 0 0 19 0 4 0 0 0 19 0 13 0 0 
TOTAL : 55
Avg:0.55
Time: 2.00385
0 0 0 46 0 26 0 0 0 36 0 16 0 0 
TOTAL : 124
Avg:1.24
Time: 4.31812
