0 0 0 5 0 0 0 3 0 1 0 3 0 0 
TOTAL : 12
Avg: 0.12
Time: 0.464211
0 0 0 21 0 0 0 14 0 9 0 13 0 0 
TOTAL : 57
Avg: 0.57
Time: 2.09647
0 0 0 56 0 0 0 34 0 29 0 19 0 0 
TOTAL : 138
Avg: 1.38
Time: 4.70369
0 0 0 6 0 2 0 0 0 3 0 2 0 0 
TOTAL : 13
Avg: 0.13
Time: 0.495069
0 0 0 23 0 13 0 0 0 15 0 8 0 0 
TOTAL : 59
Avg: 0.59
Time: 2.1226
0 0 0 50 0 38 0 0 0 30 0 10 0 0 
TOTAL : 128
Avg: 1.28
Time: 4.34389
0 0 0 6 0 2 0 0 0 3 0 2 0 0 
TOTAL : 13
Avg: 0.13
Time: 0.496494
0 0 0 23 0 13 0 0 0 15 0 8 0 0 
TOTAL : 59
Avg: 0.59
Time: 2.11319
0 0 0 50 0 38 0 0 0 30 0 10 0 0 
TOTAL : 128
Avg: 1.28
Time: 4.26597
