1 2 
1 6 5 2 
1 3 7 6 5 2 
1 6 5 4 2 
1 3 8 9 11 4 2 
1 3 
1 6 7 3 
1 6 7 10 8 3 
1 2 5 6 7 3 
1 2 4 11 9 8 3 
1 2 4 
1 6 5 4 
1 3 8 9 11 4 
1 3 7 6 5 4 
1 2 5 4 
1 6 5 
1 3 7 6 5 
1 2 5 
1 2 4 5 
1 3 8 10 7 6 5 
1 6 
1 3 7 6 
1 3 8 10 7 6 
1 2 5 6 
1 2 4 5 6 
1 3 7 
1 6 7 
1 3 8 10 7 
1 2 5 6 7 
1 3 8 9 10 7 
1 3 8 
1 3 7 10 8 
1 6 7 3 8 
1 6 7 10 8 
1 3 7 10 9 8 
1 3 8 9 
1 3 8 10 9 
1 3 7 10 8 9 
1 3 7 10 9 
1 6 7 3 8 9 
1 3 8 10 
1 3 7 10 
1 6 7 10 
1 6 7 3 8 10 
1 3 8 9 10 
1 3 8 9 11 
1 2 4 11 
1 3 8 10 19 17 13 11 
1 3 8 12 18 16 15 13 11 
1 6 5 4 11 
1 3 8 12 
1 3 8 9 11 13 15 16 18 12 
1 3 7 10 8 12 
1 2 4 11 13 15 16 18 12 
1 3 8 10 19 17 13 15 16 18 12 
1 3 8 9 11 13 
1 2 4 11 13 
1 3 8 10 19 17 13 
1 3 8 12 18 16 15 13 
1 3 7 10 19 17 13 
1 3 8 12 18 14 
1 3 8 12 14 
1 3 8 9 11 13 15 16 18 14 
1 2 4 11 13 15 16 18 14 
1 3 7 10 8 12 18 14 
1 3 8 12 18 16 15 
1 3 8 9 11 13 15 
1 2 4 11 13 15 
1 3 8 10 19 17 13 15 
1 3 7 10 19 17 13 15 
1 3 8 12 18 16 
1 3 8 9 11 13 15 16 
1 2 4 11 13 15 16 
1 3 8 10 19 17 13 15 16 
1 3 8 12 14 18 16 
1 3 8 10 19 17 
1 3 7 10 19 17 
1 3 8 9 11 13 17 
1 2 4 11 13 17 
1 3 8 12 18 16 15 13 17 
1 3 8 12 18 
1 3 8 12 14 18 
1 3 8 9 11 13 15 16 18 
1 2 4 11 13 15 16 18 
1 3 7 10 8 12 18 
1 3 8 10 19 
1 3 7 10 19 
1 3 8 9 11 13 17 19 
1 2 4 11 13 17 19 
1 3 8 12 18 16 15 13 17 19 
1 3 8 12 18 14 20 
1 3 8 10 19 17 20 
1 3 8 10 19 20 
1 3 7 10 19 17 20 
1 3 8 9 11 13 17 20 
2 1 
2 5 6 1 
2 5 6 7 3 1 
2 4 5 6 1 
2 4 11 9 8 3 1 
2 1 3 
2 5 6 7 3 
2 1 6 7 3 
2 4 11 9 8 3 
2 5 6 1 3 
2 4 
2 5 4 
2 1 6 5 4 
2 1 3 8 9 11 4 
2 1 3 7 6 5 4 
2 5 
2 4 5 
2 1 6 5 
2 1 3 7 6 5 
2 1 3 8 10 7 6 5 
2 5 6 
2 1 6 
2 1 3 7 6 
2 4 5 6 
2 1 3 8 10 7 6 
2 1 3 7 
2 5 6 7 
2 1 6 7 
2 1 3 8 10 7 
2 4 5 6 7 
2 1 3 8 
2 4 11 9 8 
2 1 3 7 10 8 
2 5 6 7 3 8 
2 1 6 7 3 8 
2 4 11 9 
2 1 3 8 9 
2 5 4 11 9 
2 1 3 8 10 9 
2 1 3 7 10 8 9 
2 1 3 8 10 
2 1 3 7 10 
2 4 11 13 17 19 10 
2 5 6 7 10 
2 4 11 9 8 10 
2 4 11 
2 5 4 11 
2 1 3 8 9 11 
2 1 3 8 10 19 17 13 11 
2 1 3 8 12 18 16 15 13 11 
2 4 11 13 15 16 18 12 
2 4 11 13 15 14 18 12 
2 4 11 13 17 20 14 18 12 
2 4 11 13 15 16 18 14 12 
2 1 3 8 12 
2 4 11 13 
2 5 4 11 13 
2 1 3 8 9 11 13 
2 1 3 8 10 19 17 13 
2 1 3 8 12 18 16 15 13 
2 4 11 13 15 16 18 14 
2 4 11 13 15 14 
2 4 11 13 17 20 14 
2 4 11 13 15 16 18 12 14 
2 1 3 8 12 18 14 
2 4 11 13 15 
2 5 4 11 13 15 
2 4 11 13 17 20 14 18 16 15 
2 4 11 13 17 19 16 15 
2 1 3 8 12 18 16 15 
2 4 11 13 15 16 
2 5 4 11 13 15 16 
2 4 11 13 15 14 18 16 
2 4 11 13 17 20 14 18 16 
2 4 11 13 17 19 16 
2 4 11 13 17 
2 5 4 11 13 17 
2 4 11 13 15 16 18 14 20 17 
2 4 11 13 15 16 19 17 
2 1 3 8 10 19 17 
2 4 11 13 15 16 18 
2 4 11 13 15 14 18 
2 4 11 13 17 20 14 18 
2 1 3 8 12 18 
2 5 4 11 13 15 16 18 
2 4 11 13 17 19 
2 5 4 11 13 17 19 
2 4 11 13 15 16 19 
2 1 3 8 10 19 
2 4 11 13 17 20 19 
2 4 11 13 17 20 
2 4 11 13 15 16 18 14 20 
2 4 11 13 17 19 20 
2 4 11 13 15 14 20 
2 4 11 13 15 16 18 12 14 20 
3 1 
3 7 6 1 
3 8 10 7 6 1 
3 7 6 5 2 1 
3 8 9 11 4 2 1 
3 1 2 
3 7 6 5 2 
3 7 6 1 2 
3 8 9 11 4 2 
3 1 6 5 2 
3 8 9 11 4 
3 7 6 5 4 
3 1 2 4 
3 8 10 19 17 13 11 4 
3 8 12 18 16 15 13 11 4 
3 7 6 5 
3 1 6 5 
3 1 2 5 
3 8 10 7 6 5 
3 8 9 11 4 5 
3 7 6 
3 1 6 
3 8 10 7 6 
3 1 2 5 6 
3 8 9 10 7 6 
3 7 
3 8 10 7 
3 1 6 7 
3 8 9 10 7 
3 1 2 5 6 7 
3 8 
3 7 10 8 
3 7 10 9 8 
3 1 6 7 10 8 
3 7 10 19 17 13 11 9 8 
3 8 9 
3 8 10 9 
3 7 10 8 9 
3 7 10 9 
3 8 10 19 17 13 11 9 
3 8 10 
3 7 10 
3 8 9 10 
3 1 6 7 10 
3 8 9 11 13 17 19 10 
3 8 9 11 
3 8 10 19 17 13 11 
3 8 12 18 16 15 13 11 
3 7 10 19 17 13 11 
3 8 10 9 11 
3 8 12 
3 8 9 11 13 15 16 18 12 
3 7 10 8 12 
3 8 10 19 17 13 15 16 18 12 
3 7 10 19 17 13 15 16 18 12 
3 8 9 11 13 
3 8 10 19 17 13 
3 8 12 18 16 15 13 
3 7 10 19 17 13 
3 8 10 9 11 13 
3 8 12 18 14 
3 8 12 14 
3 8 9 11 13 15 16 18 14 
3 7 10 8 12 18 14 
3 8 12 18 16 15 14 
3 8 12 18 16 15 
3 8 9 11 13 15 
3 8 10 19 17 13 15 
3 7 10 19 17 13 15 
3 8 12 18 14 15 
3 8 12 18 16 
3 8 9 11 13 15 16 
3 8 10 19 17 13 15 16 
3 8 12 14 18 16 
3 7 10 8 12 18 16 
3 8 10 19 17 
3 7 10 19 17 
3 8 9 11 13 17 
3 8 12 18 16 15 13 17 
3 8 12 18 14 20 17 
3 8 12 18 
3 8 12 14 18 
3 8 9 11 13 15 16 18 
3 7 10 8 12 18 
3 8 10 19 17 13 15 16 18 
3 8 10 19 
3 7 10 19 
3 8 9 11 13 17 19 
3 8 12 18 16 15 13 17 19 
3 8 12 18 16 19 
3 8 12 18 14 20 
3 8 10 19 17 20 
3 8 10 19 20 
3 7 10 19 17 20 
3 8 9 11 13 17 20 
4 2 1 
4 5 6 1 
4 11 9 8 3 1 
4 5 6 7 3 1 
4 5 2 1 
4 2 
4 5 2 
4 5 6 1 2 
4 11 9 8 3 1 2 
4 5 6 7 3 1 2 
4 11 9 8 3 
4 5 6 7 3 
4 2 1 3 
4 11 13 17 19 10 8 3 
4 11 13 15 16 18 12 8 3 
4 5 
4 2 5 
4 2 1 6 5 
4 11 9 8 3 7 6 5 
4 11 13 17 19 10 7 6 5 
4 5 6 
4 2 5 6 
4 2 1 6 
4 11 9 8 3 7 6 
4 11 13 17 19 10 7 6 
4 5 6 7 
4 11 9 8 3 7 
4 11 13 17 19 10 7 
4 2 1 3 7 
4 11 13 17 19 10 8 3 7 
4 11 9 8 
4 11 13 17 19 10 8 
4 11 13 15 16 18 12 8 
4 11 9 10 8 
4 5 6 7 3 8 
4 11 9 
4 11 13 17 19 10 8 9 
4 11 13 15 16 18 12 8 9 
4 11 13 17 19 10 9 
4 5 6 7 3 8 9 
4 11 13 17 19 10 
4 11 9 8 10 
4 11 9 10 
4 11 13 15 16 18 12 8 10 
4 5 6 7 10 
4 11 
4 5 6 7 3 8 9 11 
4 2 1 3 8 9 11 
4 5 6 7 10 19 17 13 11 
4 5 6 7 3 8 10 19 17 13 11 
4 11 13 15 16 18 12 
4 11 13 15 14 18 12 
4 11 13 17 20 14 18 12 
4 11 13 15 16 18 14 12 
4 11 13 17 19 16 18 12 
4 11 13 
4 11 9 8 10 19 17 13 
4 11 9 8 12 18 16 15 13 
4 11 9 10 19 17 13 
4 5 6 7 10 19 17 13 
4 11 13 15 16 18 14 
4 11 13 15 14 
4 11 13 17 20 14 
4 11 13 15 16 18 12 14 
4 11 13 17 19 20 14 
4 11 13 15 
4 11 13 17 20 14 18 16 15 
4 11 13 17 19 16 15 
4 11 13 17 20 14 15 
4 11 13 17 20 14 12 18 16 15 
4 11 13 15 16 
4 11 13 15 14 18 16 
4 11 13 17 20 14 18 16 
4 11 13 17 19 16 
4 11 13 15 14 12 18 16 
4 11 13 17 
4 11 13 15 16 18 14 20 17 
4 11 13 15 16 19 17 
4 11 13 15 14 20 17 
4 11 13 15 16 18 12 14 20 17 
4 11 13 15 16 18 
4 11 13 15 14 18 
4 11 13 17 20 14 18 
4 11 13 17 19 16 18 
4 11 13 15 14 12 18 
4 11 13 17 19 
4 11 13 15 16 19 
4 11 13 17 20 19 
4 11 13 15 16 18 14 20 17 19 
4 11 13 15 16 18 14 20 19 
4 11 13 17 20 
4 11 13 15 16 18 14 20 
4 11 13 17 19 20 
4 11 13 15 14 20 
4 11 13 15 16 18 12 14 20 
5 6 1 
5 6 7 3 1 
5 2 1 
5 4 2 1 
5 6 7 10 8 3 1 
5 2 
5 4 2 
5 6 1 2 
5 6 7 3 1 2 
5 6 7 10 8 3 1 2 
5 6 7 3 
5 6 1 3 
5 2 1 3 
5 6 7 10 8 3 
5 4 11 9 8 3 
5 4 
5 2 4 
5 6 1 2 4 
5 6 7 3 8 9 11 4 
5 6 7 10 19 17 13 11 4 
5 6 
5 2 1 6 
5 2 1 3 7 6 
5 4 2 1 6 
5 4 11 9 8 3 7 6 
5 6 7 
5 6 1 3 7 
5 2 1 3 7 
5 4 11 9 8 3 7 
5 4 11 13 17 19 10 7 
5 6 7 3 8 
5 6 7 10 8 
5 6 1 3 8 
5 4 11 9 8 
5 2 1 3 8 
5 4 11 9 
5 6 7 3 8 9 
5 6 7 10 8 9 
5 6 7 10 9 
5 6 1 3 8 9 
5 6 7 10 
5 6 7 3 8 10 
5 4 11 13 17 19 10 
5 6 1 3 8 10 
5 6 1 3 7 10 
5 4 11 
5 2 4 11 
5 6 7 3 8 9 11 
5 6 7 10 19 17 13 11 
5 6 7 3 8 10 19 17 13 11 
5 4 11 13 15 16 18 12 
5 4 11 13 15 14 18 12 
5 4 11 13 17 20 14 18 12 
5 4 11 13 15 16 18 14 12 
5 6 7 3 8 12 
5 4 11 13 
5 2 4 11 13 
5 6 7 10 19 17 13 
5 6 7 3 8 9 11 13 
5 6 7 3 8 10 19 17 13 
5 4 11 13 15 16 18 14 
5 4 11 13 15 14 
5 4 11 13 17 20 14 
5 4 11 13 15 16 18 12 14 
5 6 7 3 8 12 18 14 
5 4 11 13 15 
5 2 4 11 13 15 
5 4 11 13 17 20 14 18 16 15 
5 4 11 13 17 19 16 15 
5 6 7 3 8 12 18 16 15 
5 4 11 13 15 16 
5 4 11 13 15 14 18 16 
5 2 4 11 13 15 16 
5 4 11 13 17 20 14 18 16 
5 4 11 13 17 19 16 
5 4 11 13 17 
5 2 4 11 13 17 
5 6 7 10 19 17 
5 4 11 13 15 16 18 14 20 17 
5 4 11 13 15 16 19 17 
5 4 11 13 15 16 18 
5 4 11 13 15 14 18 
5 4 11 13 17 20 14 18 
5 6 7 3 8 12 18 
5 2 4 11 13 15 16 18 
5 4 11 13 17 19 
5 6 7 10 19 
5 2 4 11 13 17 19 
5 4 11 13 15 16 19 
5 6 7 3 8 10 19 
5 4 11 13 17 20 
5 4 11 13 15 16 18 14 20 
5 4 11 13 17 19 20 
5 4 11 13 15 14 20 
5 4 11 13 15 16 18 12 14 20 
6 1 
6 7 3 1 
6 7 10 8 3 1 
6 5 2 1 
6 5 4 2 1 
6 5 2 
6 1 2 
6 7 3 1 2 
6 5 4 2 
6 7 10 8 3 1 2 
6 7 3 
6 1 3 
6 7 10 8 3 
6 5 2 1 3 
6 7 10 9 8 3 
6 5 4 
6 5 2 4 
6 1 2 4 
6 7 3 8 9 11 4 
6 7 10 19 17 13 11 4 
6 5 
6 1 2 5 
6 7 3 1 2 5 
6 1 2 4 5 
6 7 3 8 9 11 4 5 
6 7 
6 1 3 7 
6 1 3 8 10 7 
6 5 2 1 3 7 
6 5 4 11 9 8 3 7 
6 7 3 8 
6 7 10 8 
6 1 3 8 
6 1 3 7 10 8 
6 7 10 9 8 
6 7 3 8 9 
6 7 10 8 9 
6 7 10 9 
6 1 3 8 9 
6 5 4 11 9 
6 7 10 
6 7 3 8 10 
6 1 3 8 10 
6 1 3 7 10 
6 7 3 8 9 10 
6 5 4 11 
6 7 3 8 9 11 
6 7 10 19 17 13 11 
6 5 2 4 11 
6 7 3 8 10 19 17 13 11 
6 7 3 8 12 
6 5 4 11 13 15 16 18 12 
6 7 10 8 12 
6 1 3 8 12 
6 7 10 19 17 13 15 16 18 12 
6 5 4 11 13 
6 7 10 19 17 13 
6 7 3 8 9 11 13 
6 7 3 8 10 19 17 13 
6 7 3 8 12 18 16 15 13 
6 7 3 8 12 18 14 
6 5 4 11 13 15 16 18 14 
6 7 3 8 12 14 
6 7 10 8 12 18 14 
6 1 3 8 12 18 14 
6 5 4 11 13 15 
6 7 3 8 12 18 16 15 
6 7 10 19 17 13 15 
6 7 3 8 9 11 13 15 
6 7 10 8 12 18 16 15 
6 7 3 8 12 18 16 
6 5 4 11 13 15 16 
6 7 10 8 12 18 16 
6 7 10 19 17 13 15 16 
6 1 3 8 12 18 16 
6 5 4 11 13 17 
6 7 10 19 17 
6 7 3 8 10 19 17 
6 7 3 8 9 11 13 17 
6 7 3 8 12 18 16 15 13 17 
6 7 3 8 12 18 
6 5 4 11 13 15 16 18 
6 7 10 8 12 18 
6 1 3 8 12 18 
6 7 10 19 17 13 15 16 18 
6 7 10 19 
6 7 3 8 10 19 
6 5 4 11 13 17 19 
6 1 3 8 10 19 
6 7 3 8 9 11 13 17 19 
6 5 4 11 13 17 20 
6 7 3 8 12 18 14 20 
6 7 10 19 17 20 
6 7 10 19 20 
6 5 4 11 13 15 16 18 14 20 
7 3 1 
7 6 1 
7 10 8 3 1 
7 6 5 2 1 
7 10 9 8 3 1 
7 3 1 2 
7 6 5 2 
7 6 1 2 
7 10 8 3 1 2 
7 6 5 4 2 
7 3 
7 10 8 3 
7 6 1 3 
7 10 9 8 3 
7 6 5 2 1 3 
7 6 5 4 
7 3 8 9 11 4 
7 10 19 17 13 11 4 
7 3 1 2 4 
7 3 8 10 19 17 13 11 4 
7 6 5 
7 3 1 6 5 
7 3 1 2 5 
7 3 8 9 11 4 5 
7 10 19 17 13 11 4 5 
7 6 
7 3 1 6 
7 10 8 3 1 6 
7 3 1 2 5 6 
7 3 8 9 11 4 5 6 
7 3 8 
7 10 8 
7 6 1 3 8 
7 10 9 8 
7 10 19 17 13 11 9 8 
7 3 8 9 
7 10 8 9 
7 10 9 
7 3 8 10 9 
7 10 19 17 13 11 9 
7 10 
7 3 8 10 
7 3 8 9 10 
7 6 1 3 8 10 
7 3 8 9 11 13 17 19 10 
7 3 8 9 11 
7 10 19 17 13 11 
7 6 5 4 11 
7 3 8 10 19 17 13 11 
7 3 8 12 18 16 15 13 11 
7 3 8 12 
7 10 8 12 
7 10 19 17 13 15 16 18 12 
7 3 8 9 11 13 15 16 18 12 
7 3 8 10 19 17 13 15 16 18 12 
7 10 19 17 13 
7 3 8 9 11 13 
7 3 8 10 19 17 13 
7 3 8 12 18 16 15 13 
7 6 5 4 11 13 
7 3 8 12 18 14 
7 3 8 12 14 
7 10 8 12 18 14 
7 10 19 17 13 15 16 18 14 
7 3 8 9 11 13 15 16 18 14 
7 3 8 12 18 16 15 
7 10 19 17 13 15 
7 3 8 9 11 13 15 
7 10 8 12 18 16 15 
7 3 8 10 19 17 13 15 
7 3 8 12 18 16 
7 10 8 12 18 16 
7 10 19 17 13 15 16 
7 3 8 9 11 13 15 16 
7 3 8 10 19 17 13 15 16 
7 10 19 17 
7 3 8 10 19 17 
7 3 8 9 11 13 17 
7 3 8 12 18 16 15 13 17 
7 6 5 4 11 13 17 
7 3 8 12 18 
7 10 8 12 18 
7 10 19 17 13 15 16 18 
7 3 8 12 14 18 
7 3 8 9 11 13 15 16 18 
7 10 19 
7 3 8 10 19 
7 3 8 9 11 13 17 19 
7 3 8 12 18 16 15 13 17 19 
7 6 5 4 11 13 17 19 
7 3 8 12 18 14 20 
7 10 19 17 20 
7 10 19 20 
7 3 8 10 19 17 20 
7 3 8 10 19 20 
8 3 1 
8 10 7 3 1 
8 3 7 6 1 
8 10 7 6 1 
8 9 10 7 3 1 
8 3 1 2 
8 9 11 4 2 
8 10 7 3 1 2 
8 3 7 6 5 2 
8 3 7 6 1 2 
8 3 
8 10 7 3 
8 9 10 7 3 
8 10 7 6 1 3 
8 9 11 13 17 19 10 7 3 
8 9 11 4 
8 10 19 17 13 11 4 
8 12 18 16 15 13 11 4 
8 10 9 11 4 
8 3 7 6 5 4 
8 3 7 6 5 
8 10 7 6 5 
8 3 1 6 5 
8 9 11 4 5 
8 3 1 2 5 
8 3 7 6 
8 10 7 6 
8 3 1 6 
8 10 7 3 1 6 
8 9 10 7 6 
8 3 7 
8 10 7 
8 3 1 6 7 
8 9 10 7 
8 9 11 13 17 19 10 7 
8 9 
8 10 9 
8 3 7 10 9 
8 10 19 17 13 11 9 
8 12 18 16 15 13 11 9 
8 10 
8 3 7 10 
8 9 10 
8 9 11 13 17 19 10 
8 12 18 16 15 13 17 19 10 
8 9 11 
8 10 19 17 13 11 
8 12 18 16 15 13 11 
8 10 9 11 
8 12 18 14 15 13 11 
8 12 
8 9 11 13 15 16 18 12 
8 10 19 17 13 15 16 18 12 
8 10 19 16 18 12 
8 10 19 17 20 14 18 12 
8 9 11 13 
8 10 19 17 13 
8 12 18 16 15 13 
8 10 9 11 13 
8 12 18 14 15 13 
8 12 18 14 
8 12 14 
8 9 11 13 15 16 18 14 
8 12 18 16 15 14 
8 10 19 17 13 15 16 18 14 
8 12 18 16 15 
8 9 11 13 15 
8 10 19 17 13 15 
8 12 18 14 15 
8 12 14 18 16 15 
8 12 18 16 
8 9 11 13 15 16 
8 10 19 17 13 15 16 
8 12 14 18 16 
8 12 18 14 15 16 
8 10 19 17 
8 9 11 13 17 
8 12 18 16 15 13 17 
8 12 18 14 20 17 
8 3 7 10 19 17 
8 12 18 
8 12 14 18 
8 9 11 13 15 16 18 
8 10 19 17 13 15 16 18 
8 10 19 16 18 
8 10 19 
8 9 11 13 17 19 
8 12 18 16 15 13 17 19 
8 3 7 10 19 
8 12 18 16 19 
8 12 18 14 20 
8 10 19 17 20 
8 10 19 20 
8 9 11 13 17 20 
8 12 14 20 
9 8 3 1 
9 10 8 3 1 
9 8 10 7 3 1 
9 10 7 3 1 
9 8 3 7 6 1 
9 11 4 2 
9 8 3 1 2 
9 11 4 5 2 
9 10 8 3 1 2 
9 8 10 7 3 1 2 
9 8 3 
9 10 8 3 
9 8 10 7 3 
9 10 7 3 
9 11 13 17 19 10 8 3 
9 11 4 
9 8 10 19 17 13 11 4 
9 8 12 18 16 15 13 11 4 
9 10 19 17 13 11 4 
9 8 3 7 6 5 4 
9 11 4 5 
9 8 3 7 6 5 
9 8 10 7 6 5 
9 10 7 6 5 
9 8 3 1 6 5 
9 8 3 7 6 
9 8 10 7 6 
9 10 7 6 
9 8 3 1 6 
9 11 4 5 6 
9 8 3 7 
9 8 10 7 
9 10 7 
9 10 8 3 7 
9 11 13 17 19 10 7 
9 8 
9 10 8 
9 10 7 3 8 
9 11 13 17 19 10 8 
9 11 13 15 16 18 12 8 
9 8 10 
9 10 
9 8 3 7 10 
9 11 13 17 19 10 
9 11 13 15 16 18 12 8 10 
9 11 
9 8 10 19 17 13 11 
9 8 12 18 16 15 13 11 
9 10 19 17 13 11 
9 8 12 18 14 15 13 11 
9 11 13 15 16 18 12 
9 8 12 
9 11 13 15 14 18 12 
9 11 13 17 20 14 18 12 
9 11 13 15 16 18 14 12 
9 11 13 
9 8 10 19 17 13 
9 8 12 18 16 15 13 
9 10 19 17 13 
9 8 12 18 14 15 13 
9 11 13 15 16 18 14 
9 8 12 18 14 
9 11 13 15 14 
9 11 13 17 20 14 
9 11 13 15 16 18 12 14 
9 11 13 15 
9 8 12 18 16 15 
9 8 10 19 17 13 15 
9 11 13 17 20 14 18 16 15 
9 10 19 17 13 15 
9 11 13 15 16 
9 8 12 18 16 
9 11 13 15 14 18 16 
9 11 13 17 20 14 18 16 
9 11 13 17 19 16 
9 11 13 17 
9 8 10 19 17 
9 10 19 17 
9 8 12 18 16 15 13 17 
9 11 13 15 16 18 14 20 17 
9 11 13 15 16 18 
9 8 12 18 
9 11 13 15 14 18 
9 11 13 17 20 14 18 
9 8 12 14 18 
9 11 13 17 19 
9 8 10 19 
9 10 19 
9 11 13 15 16 19 
9 11 13 17 20 19 
9 11 13 17 20 
9 11 13 15 16 18 14 20 
9 11 13 17 19 20 
9 8 12 18 14 20 
9 11 13 15 14 20 
10 8 3 1 
10 7 3 1 
10 7 6 1 
10 8 3 7 6 1 
10 9 8 3 1 
10 8 3 1 2 
10 7 3 1 2 
10 19 17 13 11 4 2 
10 7 6 5 2 
10 8 9 11 4 2 
10 8 3 
10 7 3 
10 9 8 3 
10 7 6 1 3 
10 19 17 13 11 9 8 3 
10 19 17 13 11 4 
10 8 9 11 4 
10 9 11 4 
10 8 12 18 16 15 13 11 4 
10 7 6 5 4 
10 7 6 5 
10 8 3 7 6 5 
10 19 17 13 11 4 5 
10 8 3 1 6 5 
10 7 3 1 6 5 
10 7 6 
10 8 3 7 6 
10 8 3 1 6 
10 7 3 1 6 
10 9 8 3 7 6 
10 7 
10 8 3 7 
10 9 8 3 7 
10 8 3 1 6 7 
10 19 17 13 11 9 8 3 7 
10 8 
10 7 3 8 
10 9 8 
10 19 17 13 11 9 8 
10 19 17 13 15 16 18 12 8 
10 8 9 
10 9 
10 7 3 8 9 
10 19 17 13 11 9 
10 8 12 18 16 15 13 11 9 
10 19 17 13 11 
10 8 9 11 
10 9 11 
10 8 12 18 16 15 13 11 
10 19 16 15 13 11 
10 8 12 
10 19 17 13 15 16 18 12 
10 19 16 18 12 
10 19 17 20 14 18 12 
10 7 3 8 12 
10 19 17 13 
10 8 9 11 13 
10 9 11 13 
10 8 12 18 16 15 13 
10 19 16 15 13 
10 8 12 18 14 
10 19 17 13 15 16 18 14 
10 19 17 20 14 
10 8 12 14 
10 19 20 14 
10 19 17 13 15 
10 8 12 18 16 15 
10 19 16 15 
10 8 9 11 13 15 
10 9 11 13 15 
10 8 12 18 16 
10 19 17 13 15 16 
10 19 16 
10 8 9 11 13 15 16 
10 9 11 13 15 16 
10 19 17 
10 8 9 11 13 17 
10 9 11 13 17 
10 8 12 18 16 15 13 17 
10 19 20 17 
10 8 12 18 
10 19 17 13 15 16 18 
10 19 16 18 
10 19 17 20 14 18 
10 8 12 14 18 
10 19 
10 8 9 11 13 17 19 
10 9 11 13 17 19 
10 8 12 18 16 15 13 17 19 
10 8 12 18 16 19 
10 19 17 20 
10 19 20 
10 8 12 18 14 20 
10 19 17 13 15 16 18 14 20 
10 8 9 11 13 17 20 
11 9 8 3 1 
11 4 2 1 
11 13 17 19 10 8 3 1 
11 13 15 16 18 12 8 3 1 
11 4 5 6 1 
11 4 2 
11 4 5 2 
11 9 8 3 1 2 
11 13 17 19 10 8 3 1 2 
11 13 15 16 18 12 8 3 1 2 
11 9 8 3 
11 13 17 19 10 8 3 
11 13 15 16 18 12 8 3 
11 13 17 19 10 7 3 
11 9 10 8 3 
11 4 
11 9 8 3 7 6 5 4 
11 9 8 3 1 2 4 
11 13 17 19 10 7 6 5 4 
11 13 17 19 10 8 3 7 6 5 4 
11 4 5 
11 4 2 5 
11 9 8 3 7 6 5 
11 13 17 19 10 7 6 5 
11 13 17 19 10 8 3 7 6 5 
11 4 5 6 
11 9 8 3 7 6 
11 13 17 19 10 7 6 
11 4 2 5 6 
11 13 17 19 10 8 3 7 6 
11 9 8 3 7 
11 13 17 19 10 7 
11 4 5 6 7 
11 13 17 19 10 8 3 7 
11 13 15 16 18 12 8 3 7 
11 9 8 
11 13 17 19 10 8 
11 13 15 16 18 12 8 
11 9 10 8 
11 13 15 14 18 12 8 
11 9 
11 13 17 19 10 8 9 
11 13 15 16 18 12 8 9 
11 13 17 19 10 9 
11 13 15 14 18 12 8 9 
11 13 17 19 10 
11 9 8 10 
11 9 10 
11 13 15 16 18 12 8 10 
11 13 15 16 19 10 
11 13 15 16 18 12 
11 13 15 14 18 12 
11 13 17 20 14 18 12 
11 13 15 16 18 14 12 
11 13 17 19 16 18 12 
11 13 
11 9 8 10 19 17 13 
11 9 8 12 18 16 15 13 
11 9 10 19 17 13 
11 9 8 12 18 14 15 13 
11 13 15 16 18 14 
11 13 15 14 
11 13 17 20 14 
11 13 15 16 18 12 14 
11 13 17 19 20 14 
11 13 15 
11 13 17 20 14 18 16 15 
11 13 17 19 16 15 
11 13 17 20 14 15 
11 13 17 20 14 12 18 16 15 
11 13 15 16 
11 13 15 14 18 16 
11 13 17 20 14 18 16 
11 13 17 19 16 
11 13 15 14 12 18 16 
11 13 17 
11 13 15 16 18 14 20 17 
11 13 15 16 19 17 
11 13 15 14 20 17 
11 13 15 16 18 12 14 20 17 
11 13 15 16 18 
11 13 15 14 18 
11 13 17 20 14 18 
11 13 17 19 16 18 
11 13 15 14 12 18 
11 13 17 19 
11 13 15 16 19 
11 13 17 20 19 
11 13 15 16 18 14 20 17 19 
11 13 15 16 18 14 20 19 
11 13 17 20 
11 13 15 16 18 14 20 
11 13 17 19 20 
11 13 15 14 20 
11 13 15 16 18 12 14 20 
12 8 3 1 
12 18 16 15 13 11 9 8 3 1 
12 8 10 7 3 1 
12 18 16 15 13 11 4 2 1 
12 18 16 15 13 17 19 10 8 3 1 
12 18 16 15 13 11 4 2 
12 18 14 15 13 11 4 2 
12 18 14 20 17 13 11 4 2 
12 14 18 16 15 13 11 4 2 
12 8 3 1 2 
12 8 3 
12 18 16 15 13 11 9 8 3 
12 8 10 7 3 
12 18 16 15 13 17 19 10 8 3 
12 18 16 15 13 17 19 10 7 3 
12 18 16 15 13 11 4 
12 18 14 15 13 11 4 
12 18 14 20 17 13 11 4 
12 14 18 16 15 13 11 4 
12 18 16 19 17 13 11 4 
12 18 16 15 13 11 4 5 
12 18 14 15 13 11 4 5 
12 18 14 20 17 13 11 4 5 
12 14 18 16 15 13 11 4 5 
12 8 3 7 6 5 
12 8 3 7 6 
12 18 16 15 13 11 4 5 6 
12 8 10 7 6 
12 8 3 1 6 
12 18 16 15 13 17 19 10 7 6 
12 8 3 7 
12 8 10 7 
12 18 16 15 13 17 19 10 7 
12 18 16 15 13 11 9 8 3 7 
12 18 16 15 13 17 19 10 8 3 7 
12 8 
12 18 16 15 13 11 9 8 
12 18 16 15 13 17 19 10 8 
12 18 16 19 10 8 
12 18 14 20 17 19 10 8 
12 18 16 15 13 11 9 
12 8 9 
12 18 14 15 13 11 9 
12 18 14 20 17 13 11 9 
12 14 18 16 15 13 11 9 
12 8 10 
12 18 16 15 13 17 19 10 
12 18 16 19 10 
12 18 14 20 17 19 10 
12 8 3 7 10 
12 18 16 15 13 11 
12 18 14 15 13 11 
12 18 14 20 17 13 11 
12 14 18 16 15 13 11 
12 18 16 19 17 13 11 
12 18 16 15 13 
12 18 14 15 13 
12 18 14 20 17 13 
12 14 18 16 15 13 
12 18 16 19 17 13 
12 18 14 
12 14 
12 18 16 15 14 
12 18 16 15 13 17 20 14 
12 18 16 15 13 17 19 20 14 
12 18 16 15 
12 18 14 15 
12 14 18 16 15 
12 14 15 
12 18 14 20 17 13 15 
12 18 16 
12 14 18 16 
12 18 14 15 16 
12 14 15 16 
12 18 14 20 17 13 15 16 
12 18 16 15 13 17 
12 18 14 20 17 
12 18 16 19 17 
12 18 14 15 13 17 
12 14 18 16 15 13 17 
12 18 
12 14 18 
12 14 15 16 18 
12 14 20 17 13 15 16 18 
12 14 20 19 17 13 15 16 18 
12 18 16 15 13 17 19 
12 18 16 19 
12 18 14 20 17 19 
12 18 14 20 19 
12 18 14 15 13 17 19 
12 18 14 20 
12 14 20 
12 18 16 15 13 17 20 
12 18 16 15 14 20 
12 18 16 15 13 17 19 20 
13 11 9 8 3 1 
13 11 4 2 1 
13 17 19 10 8 3 1 
13 15 16 18 12 8 3 1 
13 17 19 10 7 3 1 
13 11 4 2 
13 11 4 5 2 
13 11 9 8 3 1 2 
13 17 19 10 8 3 1 2 
13 15 16 18 12 8 3 1 2 
13 11 9 8 3 
13 17 19 10 8 3 
13 15 16 18 12 8 3 
13 17 19 10 7 3 
13 11 9 10 8 3 
13 11 4 
13 17 19 10 8 9 11 4 
13 15 16 18 12 8 9 11 4 
13 17 19 10 9 11 4 
13 17 19 10 7 6 5 4 
13 11 4 5 
13 11 4 2 5 
13 17 19 10 7 6 5 
13 11 9 8 3 7 6 5 
13 17 19 10 8 3 7 6 5 
13 11 4 5 6 
13 17 19 10 7 6 
13 11 9 8 3 7 6 
13 17 19 10 8 3 7 6 
13 15 16 18 12 8 3 7 6 
13 17 19 10 7 
13 11 9 8 3 7 
13 17 19 10 8 3 7 
13 15 16 18 12 8 3 7 
13 11 4 5 6 7 
13 11 9 8 
13 17 19 10 8 
13 15 16 18 12 8 
13 11 9 10 8 
13 15 14 18 12 8 
13 11 9 
13 17 19 10 8 9 
13 15 16 18 12 8 9 
13 17 19 10 9 
13 15 14 18 12 8 9 
13 17 19 10 
13 11 9 8 10 
13 11 9 10 
13 15 16 18 12 8 10 
13 15 16 19 10 
13 11 
13 17 19 10 8 9 11 
13 15 16 18 12 8 9 11 
13 17 19 10 9 11 
13 15 14 18 12 8 9 11 
13 15 16 18 12 
13 15 14 18 12 
13 17 20 14 18 12 
13 15 16 18 14 12 
13 17 19 16 18 12 
13 15 16 18 14 
13 15 14 
13 17 20 14 
13 15 16 18 12 14 
13 17 19 20 14 
13 15 
13 17 20 14 18 16 15 
13 17 19 16 15 
13 17 20 14 15 
13 17 20 14 12 18 16 15 
13 15 16 
13 15 14 18 16 
13 17 20 14 18 16 
13 17 19 16 
13 15 14 12 18 16 
13 17 
13 15 16 18 14 20 17 
13 15 16 19 17 
13 15 14 20 17 
13 15 16 18 12 14 20 17 
13 15 16 18 
13 15 14 18 
13 17 20 14 18 
13 17 19 16 18 
13 15 14 12 18 
13 17 19 
13 15 16 19 
13 17 20 19 
13 15 16 18 14 20 17 19 
13 15 16 18 14 20 19 
13 17 20 
13 15 16 18 14 20 
13 17 19 20 
13 15 14 20 
13 15 16 18 12 14 20 
14 18 12 8 3 1 
14 12 8 3 1 
14 18 16 15 13 11 9 8 3 1 
14 18 16 15 13 11 4 2 1 
14 18 12 8 10 7 3 1 
14 18 16 15 13 11 4 2 
14 15 13 11 4 2 
14 20 17 13 11 4 2 
14 12 18 16 15 13 11 4 2 
14 18 12 8 3 1 2 
14 18 12 8 3 
14 12 8 3 
14 18 16 15 13 11 9 8 3 
14 18 12 8 10 7 3 
14 15 16 18 12 8 3 
14 18 16 15 13 11 4 
14 15 13 11 4 
14 20 17 13 11 4 
14 12 18 16 15 13 11 4 
14 20 19 17 13 11 4 
14 18 16 15 13 11 4 5 
14 15 13 11 4 5 
14 20 17 13 11 4 5 
14 12 18 16 15 13 11 4 5 
14 18 12 8 3 7 6 5 
14 18 12 8 3 7 6 
14 18 16 15 13 11 4 5 6 
14 12 8 3 7 6 
14 18 12 8 10 7 6 
14 18 12 8 3 1 6 
14 18 12 8 3 7 
14 12 8 3 7 
14 18 12 8 10 7 
14 18 16 15 13 17 19 10 7 
14 18 16 15 13 11 9 8 3 7 
14 18 12 8 
14 12 8 
14 18 16 15 13 11 9 8 
14 15 16 18 12 8 
14 18 16 15 13 17 19 10 8 
14 18 16 15 13 11 9 
14 18 12 8 9 
14 15 13 11 9 
14 20 17 13 11 9 
14 12 18 16 15 13 11 9 
14 18 12 8 10 
14 18 16 15 13 17 19 10 
14 20 17 19 10 
14 12 8 10 
14 20 19 10 
14 18 16 15 13 11 
14 15 13 11 
14 20 17 13 11 
14 12 18 16 15 13 11 
14 20 19 17 13 11 
14 18 12 
14 12 
14 15 16 18 12 
14 20 17 13 15 16 18 12 
14 20 19 17 13 15 16 18 12 
14 18 16 15 13 
14 15 13 
14 20 17 13 
14 12 18 16 15 13 
14 20 19 17 13 
14 18 16 15 
14 15 
14 12 18 16 15 
14 20 17 13 15 
14 20 19 17 13 15 
14 18 16 
14 12 18 16 
14 15 16 
14 20 17 13 15 16 
14 20 19 17 13 15 16 
14 18 16 15 13 17 
14 20 17 
14 15 13 17 
14 12 18 16 15 13 17 
14 20 19 17 
14 18 
14 12 18 
14 15 16 18 
14 20 17 13 15 16 18 
14 20 19 17 13 15 16 18 
14 18 16 15 13 17 19 
14 20 17 19 
14 20 19 
14 18 16 19 
14 15 13 17 19 
14 20 
14 18 16 15 13 17 20 
14 15 13 17 20 
14 12 18 16 15 13 17 20 
14 18 16 15 13 17 19 20 
15 16 18 12 8 3 1 
15 13 11 9 8 3 1 
15 13 11 4 2 1 
15 13 17 19 10 8 3 1 
15 13 17 19 10 7 3 1 
15 13 11 4 2 
15 13 11 4 5 2 
15 16 18 14 20 17 13 11 4 2 
15 16 19 17 13 11 4 2 
15 16 18 12 8 3 1 2 
15 16 18 12 8 3 
15 13 11 9 8 3 
15 13 17 19 10 8 3 
15 13 17 19 10 7 3 
15 14 18 12 8 3 
15 13 11 4 
15 16 18 14 20 17 13 11 4 
15 16 19 17 13 11 4 
15 14 20 17 13 11 4 
15 16 18 12 14 20 17 13 11 4 
15 13 11 4 5 
15 13 11 4 2 5 
15 16 18 14 20 17 13 11 4 5 
15 16 19 17 13 11 4 5 
15 16 18 12 8 3 7 6 5 
15 13 11 4 5 6 
15 16 18 12 8 3 7 6 
15 13 17 19 10 7 6 
15 13 11 9 8 3 7 6 
15 16 18 12 8 10 7 6 
15 16 18 12 8 3 7 
15 13 17 19 10 7 
15 13 11 9 8 3 7 
15 16 18 12 8 10 7 
15 13 17 19 10 8 3 7 
15 16 18 12 8 
15 13 11 9 8 
15 13 17 19 10 8 
15 14 18 12 8 
15 16 18 14 12 8 
15 13 11 9 
15 16 18 12 8 9 
15 13 17 19 10 8 9 
15 16 18 14 20 17 13 11 9 
15 13 17 19 10 9 
15 13 17 19 10 
15 16 18 12 8 10 
15 16 19 10 
15 13 11 9 8 10 
15 13 11 9 10 
15 13 11 
15 16 18 14 20 17 13 11 
15 16 19 17 13 11 
15 14 20 17 13 11 
15 16 18 12 14 20 17 13 11 
15 16 18 12 
15 14 18 12 
15 16 18 14 12 
15 14 12 
15 13 17 20 14 18 12 
15 13 
15 16 18 14 20 17 13 
15 16 19 17 13 
15 14 20 17 13 
15 16 18 12 14 20 17 13 
15 16 18 14 
15 14 
15 16 18 12 14 
15 13 17 20 14 
15 13 17 19 20 14 
15 16 
15 14 18 16 
15 14 12 18 16 
15 13 17 20 14 18 16 
15 13 17 19 16 
15 13 17 
15 16 18 14 20 17 
15 16 19 17 
15 14 20 17 
15 16 18 12 14 20 17 
15 16 18 
15 14 18 
15 14 12 18 
15 13 17 20 14 18 
15 13 17 19 16 18 
15 13 17 19 
15 16 19 
15 16 18 14 20 17 19 
15 16 18 14 20 19 
15 13 17 20 19 
15 16 18 14 20 
15 13 17 20 
15 14 20 
15 16 18 12 14 20 
15 13 17 19 20 
16 18 12 8 3 1 
16 15 13 11 9 8 3 1 
16 15 13 11 4 2 1 
16 15 13 17 19 10 8 3 1 
16 18 14 12 8 3 1 
16 15 13 11 4 2 
16 15 13 11 4 5 2 
16 18 14 15 13 11 4 2 
16 18 14 20 17 13 11 4 2 
16 19 17 13 11 4 2 
16 18 12 8 3 
16 15 13 11 9 8 3 
16 15 13 17 19 10 8 3 
16 18 14 12 8 3 
16 18 12 8 10 7 3 
16 15 13 11 4 
16 18 14 15 13 11 4 
16 18 14 20 17 13 11 4 
16 19 17 13 11 4 
16 18 12 14 15 13 11 4 
16 15 13 11 4 5 
16 18 14 15 13 11 4 5 
16 15 13 11 4 2 5 
16 18 14 20 17 13 11 4 5 
16 19 17 13 11 4 5 
16 18 12 8 3 7 6 
16 15 13 11 4 5 6 
16 18 12 8 10 7 6 
16 15 13 17 19 10 7 6 
16 18 12 8 3 1 6 
16 18 12 8 3 7 
16 18 12 8 10 7 
16 15 13 17 19 10 7 
16 15 13 11 9 8 3 7 
16 15 13 17 19 10 8 3 7 
16 18 12 8 
16 15 13 11 9 8 
16 15 13 17 19 10 8 
16 18 14 12 8 
16 15 14 18 12 8 
16 15 13 11 9 
16 18 12 8 9 
16 18 14 15 13 11 9 
16 18 14 20 17 13 11 9 
16 19 17 13 11 9 
16 18 12 8 10 
16 15 13 17 19 10 
16 19 10 
16 15 13 11 9 8 10 
16 15 13 11 9 10 
16 15 13 11 
16 18 14 15 13 11 
16 18 14 20 17 13 11 
16 19 17 13 11 
16 18 12 14 15 13 11 
16 18 12 
16 18 14 12 
16 15 14 18 12 
16 15 14 12 
16 15 13 17 20 14 18 12 
16 15 13 
16 18 14 15 13 
16 18 14 20 17 13 
16 19 17 13 
16 18 12 14 15 13 
16 18 14 
16 18 12 14 
16 15 14 
16 15 13 17 20 14 
16 15 13 17 19 20 14 
16 15 
16 18 14 15 
16 18 12 14 15 
16 18 14 20 17 13 15 
16 19 17 13 15 
16 15 13 17 
16 18 14 20 17 
16 19 17 
16 18 14 15 13 17 
16 18 12 14 20 17 
16 18 
16 15 14 18 
16 15 14 12 18 
16 15 13 17 20 14 18 
16 15 13 17 20 14 12 18 
16 15 13 17 19 
16 19 
16 18 14 20 17 19 
16 18 14 20 19 
16 18 14 15 13 17 19 
16 18 14 20 
16 15 13 17 20 
16 18 12 14 20 
16 15 14 20 
16 15 13 17 19 20 
17 19 10 8 3 1 
17 19 10 7 3 1 
17 13 11 9 8 3 1 
17 13 11 4 2 1 
17 13 15 16 18 12 8 3 1 
17 13 11 4 2 
17 13 11 4 5 2 
17 20 14 18 16 15 13 11 4 2 
17 19 16 15 13 11 4 2 
17 19 10 8 3 1 2 
17 19 10 8 3 
17 19 10 7 3 
17 13 11 9 8 3 
17 13 15 16 18 12 8 3 
17 20 14 18 12 8 3 
17 13 11 4 
17 20 14 18 16 15 13 11 4 
17 19 16 15 13 11 4 
17 20 14 15 13 11 4 
17 20 14 12 18 16 15 13 11 4 
17 13 11 4 5 
17 13 11 4 2 5 
17 19 10 7 6 5 
17 20 14 18 16 15 13 11 4 5 
17 19 16 15 13 11 4 5 
17 13 11 4 5 6 
17 19 10 7 6 
17 19 10 8 3 7 6 
17 13 11 9 8 3 7 6 
17 13 15 16 18 12 8 3 7 6 
17 19 10 7 
17 19 10 8 3 7 
17 13 11 9 8 3 7 
17 13 15 16 18 12 8 3 7 
17 13 11 4 5 6 7 
17 19 10 8 
17 13 11 9 8 
17 13 15 16 18 12 8 
17 20 14 18 12 8 
17 19 10 7 3 8 
17 13 11 9 
17 19 10 8 9 
17 19 10 9 
17 13 15 16 18 12 8 9 
17 20 14 18 16 15 13 11 9 
17 19 10 
17 13 11 9 8 10 
17 13 11 9 10 
17 13 15 16 18 12 8 10 
17 20 19 10 
17 13 11 
17 20 14 18 16 15 13 11 
17 19 16 15 13 11 
17 20 14 15 13 11 
17 20 14 12 18 16 15 13 11 
17 13 15 16 18 12 
17 20 14 18 12 
17 19 16 18 12 
17 13 15 14 18 12 
17 13 15 16 18 14 12 
17 13 
17 20 14 18 16 15 13 
17 19 16 15 13 
17 20 14 15 13 
17 20 14 12 18 16 15 13 
17 13 15 16 18 14 
17 20 14 
17 13 15 14 
17 13 15 16 18 12 14 
17 19 20 14 
17 13 15 
17 20 14 18 16 15 
17 19 16 15 
17 20 14 15 
17 20 14 12 18 16 15 
17 13 15 16 
17 20 14 18 16 
17 19 16 
17 13 15 14 18 16 
17 20 14 12 18 16 
17 13 15 16 18 
17 20 14 18 
17 19 16 18 
17 13 15 14 18 
17 20 14 12 18 
17 19 
17 20 19 
17 13 15 16 19 
17 13 15 16 18 14 20 19 
17 20 14 18 16 19 
17 20 
17 19 20 
17 13 15 16 18 14 20 
17 13 15 14 20 
17 13 15 16 18 12 14 20 
18 12 8 3 1 
18 14 12 8 3 1 
18 16 15 13 11 9 8 3 1 
18 16 15 13 11 4 2 1 
18 12 8 10 7 3 1 
18 16 15 13 11 4 2 
18 14 15 13 11 4 2 
18 14 20 17 13 11 4 2 
18 12 8 3 1 2 
18 16 15 13 11 4 5 2 
18 12 8 3 
18 14 12 8 3 
18 16 15 13 11 9 8 3 
18 12 8 10 7 3 
18 16 15 13 17 19 10 8 3 
18 16 15 13 11 4 
18 14 15 13 11 4 
18 14 20 17 13 11 4 
18 16 19 17 13 11 4 
18 12 14 15 13 11 4 
18 16 15 13 11 4 5 
18 14 15 13 11 4 5 
18 14 20 17 13 11 4 5 
18 12 8 3 7 6 5 
18 16 15 13 11 4 2 5 
18 12 8 3 7 6 
18 16 15 13 11 4 5 6 
18 12 8 10 7 6 
18 12 8 3 1 6 
18 16 15 13 17 19 10 7 6 
18 12 8 3 7 
18 12 8 10 7 
18 16 15 13 17 19 10 7 
18 14 12 8 3 7 
18 16 15 13 11 9 8 3 7 
18 12 8 
18 14 12 8 
18 16 15 13 11 9 8 
18 16 15 13 17 19 10 8 
18 16 19 10 8 
18 16 15 13 11 9 
18 12 8 9 
18 14 15 13 11 9 
18 14 20 17 13 11 9 
18 14 12 8 9 
18 12 8 10 
18 16 15 13 17 19 10 
18 16 19 10 
18 14 20 17 19 10 
18 14 12 8 10 
18 16 15 13 11 
18 14 15 13 11 
18 14 20 17 13 11 
18 16 19 17 13 11 
18 12 14 15 13 11 
18 12 
18 14 12 
18 16 15 14 12 
18 16 15 13 17 20 14 12 
18 16 15 13 17 19 20 14 12 
18 16 15 13 
18 14 15 13 
18 14 20 17 13 
18 16 19 17 13 
18 12 14 15 13 
18 14 
18 12 14 
18 16 15 14 
18 16 15 13 17 20 14 
18 16 15 13 17 19 20 14 
18 16 15 
18 14 15 
18 12 14 15 
18 14 20 17 13 15 
18 16 19 17 13 15 
18 16 
18 14 15 16 
18 12 14 15 16 
18 14 20 17 13 15 16 
18 12 14 20 17 13 15 16 
18 16 15 13 17 
18 14 20 17 
18 16 19 17 
18 14 15 13 17 
18 12 14 20 17 
18 16 15 13 17 19 
18 16 19 
18 14 20 17 19 
18 14 20 19 
18 14 15 13 17 19 
18 14 20 
18 12 14 20 
18 16 15 13 17 20 
18 16 15 14 20 
18 16 15 13 17 19 20 
19 10 8 3 1 
19 10 7 3 1 
19 17 13 11 9 8 3 1 
19 17 13 11 4 2 1 
19 17 13 15 16 18 12 8 3 1 
19 17 13 11 4 2 
19 17 13 11 4 5 2 
19 16 15 13 11 4 2 
19 10 8 3 1 2 
19 20 17 13 11 4 2 
19 10 8 3 
19 10 7 3 
19 17 13 11 9 8 3 
19 17 13 15 16 18 12 8 3 
19 16 18 12 8 3 
19 17 13 11 4 
19 16 15 13 11 4 
19 20 17 13 11 4 
19 17 20 14 18 16 15 13 11 4 
19 20 14 18 16 15 13 11 4 
19 17 13 11 4 5 
19 10 7 6 5 
19 17 13 11 4 2 5 
19 16 15 13 11 4 5 
19 10 8 3 7 6 5 
19 10 7 6 
19 10 8 3 7 6 
19 17 13 11 4 5 6 
19 10 8 3 1 6 
19 17 13 11 9 8 3 7 6 
19 10 7 
19 10 8 3 7 
19 17 13 11 9 8 3 7 
19 17 13 15 16 18 12 8 3 7 
19 17 13 11 4 5 6 7 
19 10 8 
19 17 13 11 9 8 
19 17 13 15 16 18 12 8 
19 10 7 3 8 
19 16 18 12 8 
19 17 13 11 9 
19 10 8 9 
19 10 9 
19 16 15 13 11 9 
19 20 17 13 11 9 
19 10 
19 17 13 11 9 8 10 
19 17 13 11 9 10 
19 17 13 15 16 18 12 8 10 
19 16 18 12 8 10 
19 17 13 11 
19 16 15 13 11 
19 20 17 13 11 
19 17 20 14 18 16 15 13 11 
19 20 14 18 16 15 13 11 
19 17 13 15 16 18 12 
19 16 18 12 
19 17 20 14 18 12 
19 20 14 18 12 
19 17 13 15 14 18 12 
19 17 13 
19 16 15 13 
19 20 17 13 
19 17 20 14 18 16 15 13 
19 20 14 18 16 15 13 
19 17 13 15 16 18 14 
19 17 20 14 
19 20 14 
19 16 18 14 
19 17 13 15 14 
19 17 13 15 
19 16 15 
19 17 20 14 18 16 15 
19 20 14 18 16 15 
19 20 17 13 15 
19 17 13 15 16 
19 16 
19 17 20 14 18 16 
19 20 14 18 16 
19 17 13 15 14 18 16 
19 17 
19 20 17 
19 16 15 13 17 
19 20 14 18 16 15 13 17 
19 16 18 14 20 17 
19 17 13 15 16 18 
19 16 18 
19 17 20 14 18 
19 20 14 18 
19 17 13 15 14 18 
19 17 20 
19 20 
19 17 13 15 16 18 14 20 
19 16 18 14 20 
19 17 13 15 14 20 
20 14 18 12 8 3 1 
20 17 19 10 8 3 1 
20 19 10 8 3 1 
20 17 19 10 7 3 1 
20 17 13 11 9 8 3 1 
20 17 13 11 4 2 
20 14 18 16 15 13 11 4 2 
20 19 17 13 11 4 2 
20 14 15 13 11 4 2 
20 14 12 18 16 15 13 11 4 2 
20 14 18 12 8 3 
20 17 19 10 8 3 
20 19 10 8 3 
20 17 19 10 7 3 
20 17 13 11 9 8 3 
20 17 13 11 4 
20 14 18 16 15 13 11 4 
20 19 17 13 11 4 
20 14 15 13 11 4 
20 14 12 18 16 15 13 11 4 
20 17 13 11 4 5 
20 14 18 16 15 13 11 4 5 
20 19 17 13 11 4 5 
20 14 15 13 11 4 5 
20 14 12 18 16 15 13 11 4 5 
20 17 13 11 4 5 6 
20 14 18 12 8 3 7 6 
20 17 19 10 7 6 
20 19 10 7 6 
20 14 18 16 15 13 11 4 5 6 
20 14 18 12 8 3 7 
20 17 19 10 7 
20 19 10 7 
20 17 19 10 8 3 7 
20 19 10 8 3 7 
20 14 18 12 8 
20 17 19 10 8 
20 19 10 8 
20 17 13 11 9 8 
20 14 12 8 
20 17 13 11 9 
20 14 18 16 15 13 11 9 
20 19 17 13 11 9 
20 14 18 12 8 9 
20 14 15 13 11 9 
20 17 19 10 
20 19 10 
20 14 18 12 8 10 
20 14 18 16 15 13 17 19 10 
20 17 13 11 9 8 10 
20 17 13 11 
20 14 18 16 15 13 11 
20 19 17 13 11 
20 14 15 13 11 
20 14 12 18 16 15 13 11 
20 14 18 12 
20 14 12 
20 17 13 15 16 18 12 
20 14 15 16 18 12 
20 19 17 13 15 16 18 12 
20 17 13 
20 14 18 16 15 13 
20 19 17 13 
20 14 15 13 
20 14 12 18 16 15 13 
20 14 
20 17 13 15 16 18 14 
20 17 13 15 14 
20 17 13 15 16 18 12 14 
20 19 17 13 15 16 18 14 
20 14 18 16 15 
20 17 13 15 
20 14 15 
20 14 12 18 16 15 
20 19 17 13 15 
20 14 18 16 
20 17 13 15 16 
20 14 12 18 16 
20 14 15 16 
20 19 17 13 15 16 
20 17 
20 19 17 
20 14 18 16 15 13 17 
20 14 15 13 17 
20 14 12 18 16 15 13 17 
20 14 18 
20 14 12 18 
20 17 13 15 16 18 
20 14 15 16 18 
20 19 17 13 15 16 18 
20 17 19 
20 19 
20 14 18 16 15 13 17 19 
20 14 18 16 19 
20 14 15 13 17 19 
